"y1","y2","y3","y4","y5","y6","y7","y8","y9","y10","y11","y12","y13","y14","y15"
0.511543432093808,0.740476478052544,1.33527006822083,0.384135094470258,0.100432627908948,0.143033511217441,0.0157286547694142,1.60774516148023,2.19163858894757,1.44176449200618,1.37091673719432,1.45710484791097,1.43405771019847,0.399143418034134,2.10220749168308
-0.181743180813409,-0.364581721421293,-0.575368322425947,-0.730369585159457,1.26633796273415,0.352350277417912,-0.770729168927094,-2.19826347626562,-0.0617736016664572,0.132981093528779,-0.788880271520492,0.22633605684666,-2.20622141071859,-0.776917035672355,-1.04548752405966
-2.5786437975561,-2.52044946341381,-2.36351047560168,-1.25189677693586,-0.229246389655542,-0.960223941220579,-1.63457281182865,0.0643288137457319,-1.37413967129015,-1.02149480905434,-1.73753961276123,-0.293589594232442,-0.198599886591621,-0.505203398970121,0.493642472032798
-0.717600715752303,-0.261468025370048,-1.00122873493517,-0.521344030318443,-1.06302665107179,0.264638749118273,-0.214590908959024,0.119672471735709,0.702466492448156,0.943495354779094,-1.98973356929094,-0.911302915777042,-0.695293448859917,-0.0818953497211443,0.243497662541258
-1.24874087521705,-1.19098988436815,-0.65397627287414,-1.79667041298648,0.597973125031115,-1.70044684628115,-1.70452197317803,-2.01140917660283,-2.16800185338107,-0.214262016608511,-1.33657356789456,-2.42879097156039,-1.17200537984238,0.464974155364346,-1.33119135225626
0.0991950113556566,0.584539114291288,0.121944006458798,-1.55045970301165,-0.621703216707141,0.217452045237014,0.652249052470041,-0.539312228620665,-0.717362527156604,-1.75417605205762,0.0798804525636271,0.432488877498297,0.848551676675865,-0.45627354302798,-0.813598335635931
0.290249813888926,0.504852848094806,-0.194516826060359,0.75915992674635,1.76472869146925,0.386916515193475,0.187599012907434,0.38650087759392,-0.223348981089518,-0.327576171396931,0.0253201807419436,-0.559245378005428,-0.234237364535616,-0.574441216984862,-0.728541830055574
-0.0162373486879981,0.682280546355775,0.971080740290538,0.39838685227881,-0.685305194390143,1.65119252062058,1.52190855627512,0.599229066536268,1.24061326657207,-0.750408972704073,0.838637758510382,0.162723593396736,-0.386403010525558,1.09042631648684,0.688900146232388
-0.880858648058304,-0.725655635134823,0.120220667442524,-0.272944106198589,-0.888830218807687,-0.746483134263717,-0.297172517574204,-0.345880727337556,-0.374260117411794,-0.474228535299242,-0.801826381516307,-2.25749620009252,-0.672002957288251,-1.10500344878168,0.522109595123674
-0.858358593632665,-0.289802200714229,-0.68407072853305,0.0988983066292997,-2.15501182884375,0.498971537812274,-0.136224089815615,0.826324735717216,-0.161037339788553,-0.516891713055574,-0.182925863664325,0.657291288282619,0.74098935676942,-1.47442574257105,0.317268757813868
-0.599781992045482,0.712877063430912,-1.1762806043526,0.113441640202731,1.95374104757552,0.586069468595519,-0.657736785466441,0.353432364459084,1.01919086789041,-0.0657342832654115,0.0743719019220087,0.119430831815381,-0.974966656499979,2.21482277835075,-2.2328378789174
0.29474321981198,0.143544376070138,-1.15363715551374,-0.086079837293516,1.37762991873063,-0.034071289631156,-0.154512156313332,0.903295616191975,0.619807780892916,-0.340382287608718,-1.05747743578011,0.171705202743426,-0.746949092652372,-0.527482985136185,2.00694782027908
-0.437183279448948,-1.06581223931082,-0.286262070997192,-0.821498605030922,0.260090056883769,-0.659184039339664,-0.0844937005992997,-0.239673425893553,0.423732116714359,-0.932598013090325,-1.8728501841225,-0.865606748415535,-0.624956540243889,-0.550026063112142,-1.48818653218587
-0.365326529832361,-0.600664357549069,0.37948921815959,-1.13601222661386,0.130595137490339,0.539828881633265,-0.807392433391448,-0.398322159874524,-0.0708809730545732,0.165186805564917,0.710936176833963,-1.15156193392537,0.255200551911673,0.150923880195077,-0.774482597148514
1.67549061020542,1.29506650257344,1.04620176397786,0.143862653216735,0.554886630023409,-0.768355434562164,-0.0100753591819887,-0.305069541447835,1.01014182989831,0.813794335344494,0.14291311828528,-0.750511500432455,-0.617528518481513,-2.10220436140188,-1.60575925364102
1.14207928703048,1.31220719031227,-0.490996497269632,0.775316336865492,-0.28657431599025,-0.175850004107753,-1.48809728496373,-0.2749385287935,-0.884379115751615,-0.612579858818399,1.66469644001758,0.558066636893075,-0.135484366972012,-1.02021128735159,1.01734236716916
-1.17774399262783,-1.47661276822872,-0.765838280724743,-0.171446175645839,-0.186385078355536,-0.376225303170395,0.179165860575432,0.237850619052616,-0.257089526895999,-0.520325693020086,-0.468868926509218,-0.702509610080708,-0.417233353159796,0.44735627650878,-1.42769075162059
-0.0865488854203789,-0.408163753025609,-0.832664092992318,-0.456507825433503,0.589097209274878,-0.826097606048316,-1.81936863276429,-0.726264197356399,-2.51554988314908,1.17989564935211,0.196910139794213,-0.715293917805018,-0.125052292933708,-0.857562049018112,-0.796167033162386
-0.655228177849668,0.593431455628073,-1.63792587793674,0.481732040403811,-0.327824116830473,-0.0853331557055397,0.173800354672347,0.301193612092206,1.82364652721933,1.41066647278512,-0.666806611253035,-0.515438621341863,0.37031302878336,-0.562606541081355,0.00340557759986099
0.442306896863333,-0.51359839390623,-0.635758810152778,-1.5796319346007,0.818585714992712,-0.794369701943092,-0.181557643826656,0.40927656192379,0.24492693368794,0.702618297652112,-0.506362823054537,-0.375552353504476,-0.448099455119022,-1.51339695924084,-1.01619979336474
-1.28878692277517,-1.05970381875465,-2.04129846628548,-0.37928616718484,-0.948252069484841,-1.7437362685833,-1.57633316500819,-2.14543106935555,-2.2990955789736,-0.152368730273907,-1.01479905589142,-0.414165046521193,-0.61710500156223,-2.05088969096325,-1.73580246195163
0.375859983047975,-0.574034519570067,1.49407503875425,1.46307932207214,-0.42413480041281,0.173991128537144,-0.996836474275265,1.64241883321025,-0.255372566904612,0.519112754585844,0.224556520229312,-0.554699197136099,0.21578637105293,-0.771055858756457,1.65520609895829
1.52096932940692,0.661310486628066,0.0652390002301253,1.13972375917061,0.00643713498602446,-0.30192491899497,0.343340910067655,0.475340712646857,-0.424471478383662,-0.556580849450095,-0.186537915213348,-0.621383390275221,-1.30875614717535,0.250195688203332,-0.354180592619916
0.365978868970576,0.547763179223898,1.08991504003842,0.837213763067318,0.984747446135195,-0.802334598926121,-0.991805714370587,1.34572858658002,-0.432959332225542,-0.0151897724430169,0.719527257989324,-0.656960316126958,1.51583570042873,-0.120240526855619,1.78742713646854
0.514110812480648,-0.64823767928172,0.330128022386561,0.113993692549967,-1.55628501392937,-0.576049612772698,-0.236805722261469,-0.792370639602801,-1.30805627859221,1.16993105950021,0.184897154662512,-0.721382261205947,0.0673453641971623,-0.519590939241719,0.382966892995082
0.200258756224488,1.2077791399948,-0.423838733286222,-0.241277183117259,-0.657917478396264,0.864570512363367,0.987365115918828,0.259907339655821,0.171478547696401,0.803531296108383,-0.212807202964974,0.796545149574549,0.321908371393441,0.358858102609915,0.491961158912768
0.254613854681091,0.31517488974484,1.53309103496465,-0.0262072550722286,0.893796913312331,0.335664869583873,0.757413497897195,-0.801494505718178,0.196387316153035,-2.49995986564485,-0.297479534867034,-0.706570974241539,-0.224978261901282,-0.413256489480752,0.962993154764824
-0.0484152344416385,-0.269196000542925,0.983703065683924,1.26285864794629,-1.10434270570424,-0.238509258305804,-1.0892605076845,-0.613713051034726,0.0913021415480031,0.128296915033697,-0.370324720348178,-0.901586732213534,-0.275677529277307,-1.49550024643702,-1.64613080479969
-0.737121282653798,-1.49803562084127,-0.212764051100314,0.96227057432522,1.22623406442597,-0.892578946398257,-1.24562256830164,-0.80741177586239,-0.378600705268433,-1.18107356528119,-2.09802948114934,-0.708538211729088,-0.159509454007088,0.151947942329951,-1.59786700822717
0.238283807630404,0.869122286796478,0.0917182072561701,0.675372799229037,0.13752013008495,-2.22881834312528,-1.26611994741883,-0.852237636932236,-0.77717010163315,-1.17782210295219,-1.51713495179955,-0.37885877322162,-1.80764232986614,-0.410705820888894,-0.275750169111744
0.0914850301805347,-0.913995711003768,0.178522825084612,-0.150555911066007,0.635585097265137,0.957837287822593,0.998409236059137,0.768438378005111,0.427294724353394,0.0100043126095436,0.228313242824752,-0.404545354273624,-0.085485734851149,-0.757030819052503,-0.184362730276166
1.30876090935337,0.86406854849049,1.74314877053214,-1.88195588455438,1.65453414329471,1.33990586189708,0.430610999190193,2.08012505149142,-0.280298457983145,0.254076864681682,1.48781925832756,1.60367524187608,0.47524579249159,1.76716729209245,0.375035936380896
-1.78255405955223,-0.718575968620663,-1.23689818108901,-0.88218717241159,-0.883989814335831,0.0464739445072113,-0.770498540828059,-0.64249876178538,-0.192271086379126,0.029874897012401,-0.847362290649744,-0.25195825269889,-1.13029095407189,0.42720584345475,-0.601158748011455
1.63658307801087,-0.115839740030414,0.76224508934427,0.522901208694017,-0.142125317015052,1.68728310137712,2.16698508176035,1.20805868697165,0.866226504692506,0.418384486772205,0.683672276515155,1.29402200402261,-0.0644988222897142,0.60813925176569,0.772915781465945
0.776738852870554,1.43661513740032,1.27874984391629,1.93155885435667,-0.688157557989328,0.136600468056587,0.958695853855618,-0.588983631232509,0.199084289434913,0.556749307281669,0.387868811693825,-0.281782116049741,0.0360630352324771,0.989406209191821,0.205785097575855
0.868572283684683,0.727931255241467,0.492737796360382,-1.10443289870057,-0.123742497846595,1.89249383563747,1.01232913810474,0.134711402039589,0.436508135924411,0.950037252182212,0.876821706633863,-1.31539202649835,-0.600490070375169,0.61186469334796,-0.897259270942458
-1.8731750145218,-0.709234894820952,-0.153570271998397,-0.981268856715785,-0.493309863760384,0.011691232039979,0.200479365263107,0.162530825883361,-0.281443105178538,-1.0120014261259,-1.26610825288213,-1.16950502292596,0.104376108304515,-0.30671257863168,0.211563925890376
-1.18282352579972,-0.448095689556455,-1.31755159252103,-0.755970905438495,-1.71861816671789,-0.109343588485841,-0.873369807081674,0.999826449269711,0.698823484388056,0.946967623328436,-1.27855405468979,-0.595970226172149,-1.24366703160711,-1.81463558649763,1.02598504117184
1.31696568756504,1.61683835040699,1.24314194572061,0.683237703922761,0.260896021374094,0.204136421744163,1.101267242907,0.376175257904542,0.406166495273428,-1.30882074746326,0.85546580626332,-0.289713498320399,0.258297154687634,1.27942047521185,-0.119253221592844
-0.785822388974425,-0.298599801986288,-1.16051774219146,1.55298155030206,-0.335526745131311,-0.744326525060014,0.278674370995407,-1.52821568024528,-0.345490184793457,-0.321987818681382,-0.923069881600488,0.279723837500446,-1.48737896358007,-1.52225918228139,-2.40479410924475
1.52399539068361,1.78804013827035,-0.296884249941083,0.0267108412919049,1.38057017497563,0.580089971809322,0.493949352737547,-1.69793618697677,0.248272826715377,-0.648304265475817,0.946070505173577,0.665507529219001,0.0807850298357667,-0.960954591240215,-0.438775606227543
-0.529737717806622,0.662734624494462,0.204096111137842,0.515751492933436,-0.23917563237632,-1.0180561737877,-0.757481330645724,-0.425469143325302,-0.357169223004087,-0.691000383537899,-1.34828524176507,-0.0263148901747774,-1.08338632867679,-0.153861943146545,-1.04872046955316
-0.217650432102214,0.238454699612175,-1.06661015600008,0.808078725572685,2.27221307985968,-0.156845762315362,-1.02288323746389,-0.451010160621215,-0.344281031587519,0.923400256384961,0.683197260958474,0.345031260150721,0.598683739358045,-0.768812576618466,0.359244115015031
0.458127666440882,-0.109181004324953,0.529014903463973,0.830243357652612,0.18077687227353,0.343665970568156,1.04827936228852,0.242531578483413,-0.366703272337924,-0.316983844641929,0.368748681734979,0.667873408611543,-0.889490284108526,-0.0905259056450907,1.8305733997033
1.71375082311125,0.978896705177097,1.18516707344761,2.48028089292613,-0.422283441326048,1.45128748830159,-0.0995818302238971,1.2107480762425,-0.721455467310415,-0.120059545953009,1.02057244103825,1.7671034770386,1.1473634795394,2.21986204031171,0.696864417239695
-0.734273566442888,-0.10653942222748,-0.390122890047285,-0.743169110518984,-1.26126797003534,-1.87555188307363,-0.936324381168315,-0.251874099733864,-2.28224105503682,1.29852663694889,-1.12802388417474,-0.0677293233029992,-1.18581792682295,0.35208741501116,-0.30484557258222
-1.07868069132212,0.518380244072399,1.29317670893686,-0.0386800860132107,-0.860473363217887,-1.35641193397502,-2.0598875346809,-0.431649844363087,-0.368218926288059,-1.17653573841579,-0.121209437445003,-0.564941256493997,-0.713675788349243,-1.29831736476148,-0.986856659904594
1.23189636487264,2.05329134637705,1.11159158110256,0.0101407200265303,2.38102581100419,-0.908810193478935,-0.217414546966528,-1.451646704758,-0.243694678040726,-0.467819384078059,0.18171861076603,-0.522626371699951,1.38110473275128,-1.16444939841319,-1.09384819128277
1.23280552374272,0.37445036016294,0.0936589916861107,0.348409955289395,-0.63335764067152,0.376759232823692,1.02890345673562,2.02717525401654,1.21698669055912,-0.767403400764984,0.452522966035065,0.952428949812094,-0.311956195746086,0.763043500761262,1.52627907700054
0.560848655791482,1.05657749864666,0.521538222938927,-0.921996460661381,-0.893723811330228,0.127708397973446,0.602469346154815,0.870491756456267,0.100004060203865,1.36467132922615,0.373835502399552,0.810584089038159,0.931116134496344,-0.402187469108988,1.36115870110241
-0.671964374802824,-1.71181746790328,1.06960317486804,-1.06339127304417,0.322702310799232,-1.22067603463992,-0.600999163085038,-1.52219170808624,-0.517962449658657,-1.38427629116668,-1.40928798699774,-1.3568535404886,-0.621461790092835,-2.34730623630442,0.0744825350357965
0.12934841655506,-0.224969709800428,0.753249146257666,0.0736464921744561,-0.0387075474338678,-2.42142265780759,-0.176275528472656,-0.254066404173254,-0.828901183109732,-0.453951677039217,0.413322864344601,-0.31332089933501,1.5142042274481,-0.579052610811449,0.0250885898819082
1.95499602575701,1.43859316079604,1.89057550716079,2.12859705807999,-0.912677988361232,1.45203437288244,0.990534251654539,0.588602281894638,0.803288172626035,0.372473651335387,1.95401770550341,0.0663441284582353,-0.396838553497325,-0.155463635106467,-0.525500976169366
0.13224687684401,0.625912412148063,0.307699071626181,-0.239104552193957,0.939680234333809,-0.693711653687475,-0.22028855364684,-0.973271228508282,-0.109766878653221,-1.73061549901949,0.0738429817774489,0.108564310802669,0.0413795091021657,-0.721680033165067,0.0324698880040335
1.14037359860599,0.210105293115445,0.159082821626878,-0.57377039097327,1.66667574582106,-0.18706962835751,-0.176732715245878,-0.827940975124807,0.0671403500109755,1.00496348998835,1.5612288506685,1.04776254805055,1.4731054276792,0.374946783380213,1.36378365171108
-0.41652943240645,-1.78396384221518,-0.415727189020498,-1.20005036154789,-1.2146663413627,-0.575426571714014,-0.00744792369032574,-0.993605185130615,-0.668306435708341,-0.689277884674117,-0.0312502705578727,-0.894666583844752,-1.53074321106492,-0.795593877665808,1.58201598906459
-0.534404827822008,-0.0402871144238489,-1.11519181047702,0.937696780221214,-1.59634982464029,-1.1088632223939,-0.792753590386878,-2.00164040256238,-1.1078697799384,-0.623080002053869,0.430652830451188,0.899246154412314,-0.519028494231886,0.643622700810853,1.1008983270483
0.886312913023683,-0.211370784950624,0.418838572462993,-0.00456881892351687,-1.20242494020347,-0.852409279937576,-0.554841868361813,-1.33961426180288,-0.775525227817307,0.805294953665362,0.251980663416732,0.116153967374369,0.0257943482608427,-0.304480503907004,-1.95297564443699
-0.0770973333988949,0.204475609457358,-0.125881793004462,-1.30295031714569,0.1720476234735,-0.21491393220237,-1.41374131818094,-0.334607876936578,0.11356364853183,0.2359758709822,-0.290683024003197,0.290561872034319,1.26223395759064,-0.781339388097075,-0.341294946425581
0.88857139095268,0.54918629218738,1.05999489982311,-0.671669693529025,0.977080772032251,0.0639722081258136,-0.537089973996056,2.13325261113636,-0.973675295190429,-0.585243598853816,1.84541072903618,1.98268658523722,1.73007064347319,0.485339394048457,0.717936996782525
0.323520830915685,0.191655905839214,0.600101177376216,-0.0805922351906142,-0.15463033881922,0.592358749036616,-0.0129552884803533,0.238196277025337,-0.633215455918186,1.26623262187738,0.540954576362504,-0.788686296523157,0.506376739404686,-1.69437117520748,-0.0512130209735665
0.0672663828842846,-0.417191747791796,-0.826802305364987,-0.686523842428531,-0.0488729134745011,-0.62039850121025,-1.55373091111076,-0.674914346405982,0.868710868870284,-0.496187249802519,-0.121237902462721,0.633151871395788,-0.934076219797416,0.527924936067275,-0.914619350590531
-1.87553779972827,-1.42657610517091,-0.305495583691828,-0.497084656585673,0.780654884935245,-0.763693824930346,-1.62496955968028,-1.49510049537946,-1.09182233164172,-0.3152891415065,-0.347855009398998,0.89158832547751,-0.81904739843694,-0.40131646566211,0.308859738004675
0.557971627903749,0.156015943564356,0.92714033453175,-0.838401460822232,1.08306328105379,1.75887673939715,1.2819452078579,0.895092625046046,2.13424818551745,1.4081016596044,0.590731373093549,0.12964154551235,1.48900254286945,0.828538535910517,-0.316261587674206
-1.22025439425402,-1.26711659573652,1.1124196032639,-1.06726450920688,1.27686133289177,-0.170136273388771,-0.561674763310128,-0.52960500531412,-0.0126966333355548,2.64423505239735,0.302529090988243,0.278980861182107,-0.995558949778815,-0.57075271574004,1.26700441347626
0.585107203024269,0.80573905238673,0.959445649762298,0.00203000079739575,1.06032874145673,-0.935377742322871,-0.612623605217256,-0.57785491224211,0.464514741644086,-0.635003685475654,0.6255245340684,-1.00923724155651,-0.480114595936253,-1.34842547261433,0.0967547744412131
-1.1123560123449,-1.13830229718639,-0.188443543825476,-0.589044754912551,-1.7464628031097,0.025434808775839,-0.796237935492171,-1.17888492181309,-0.319532651328881,-0.343774332161463,-0.0829531876397907,-0.987170021104205,-0.365078653964558,0.899713971412566,-0.545779161899518
0.0295235131785977,-0.298435743352396,-0.16311623213854,-1.05612175287543,1.72818765637699,0.737028195812586,0.00733243790981297,-2.12932505848293,0.52860205072819,1.42850376246602,-0.0575949748046128,-0.626473549049922,0.437546253610375,-0.548480981276314,-0.195609717515129
-1.09115599114834,-0.439873876647761,-0.87153955829993,-0.774960969531733,-1.06168066316213,-0.539398890439111,-0.65882920417953,-1.31080703710195,0.338388063446443,-0.305639457744463,-0.478099046057416,-0.313680189808416,0.0604947510191323,0.446144783120223,-0.509169093348581
0.671235285408574,1.12220725911287,0.302258864491622,0.236836239329055,-1.19000043679628,-0.0583010757250857,0.379293633041065,-0.275870715386167,-1.86024113723073,-1.14474053755627,0.765171904460018,-0.906837352631747,1.16669199229197,-1.56888458703219,-0.517723651229714
0.85482923036653,1.10625440131123,1.25113765171516,0.556933882426215,0.276167083469015,0.216857122006774,-0.19132369230588,0.0277709943475112,-0.0713310930851979,-1.93346618337762,1.5963803687156,0.528819700194239,1.99990592806427,1.47942748195345,-0.187666222255187
0.699808296041629,-0.926851105027467,-1.34008447115535,0.619345055802618,-0.273331731170058,-1.08191763229618,-0.0592341854551809,0.495375974758047,1.07795937687393,-0.352631489503658,-0.196216249294109,0.0255963511312486,-0.813874762281604,-0.177546049767999,0.317391469773616
-0.349054735080456,0.0510065085544132,-1.16882525825243,1.57461547768594,0.227703106206236,0.256317661392548,0.209445107356952,1.3525214966102,-0.126470475030631,0.385500220141344,0.349377834902605,-0.785138029571268,-0.0346301566817414,0.175772052568239,0.510865197176486
0.938318439969119,0.918412816804356,0.539007234120404,1.33250170456826,3.00144721824127,0.566312692349708,0.241122986539585,-1.11043654529833,1.18730301855918,0.305509192694577,0.182763341523594,0.223370009461442,1.34793318900278,2.02962550937939,0.0198072186433088
-0.89636452165403,-0.726383116365489,-0.496262406457092,-0.512833433206142,-0.68933939581095,-0.126361997939046,-0.435919301535527,0.873751741115655,-0.740419281896672,0.560965460575001,0.906354997347591,-0.268177843344983,0.0626684684666302,-0.626023862111199,-0.0253209944400819
-0.631067136120873,-0.348039460210752,-0.857411721499683,-1.97280337679124,-0.09014757585434,-1.18235451090377,-0.551646737462085,-1.27226529670263,-1.31346061675554,1.38956918183707,-0.817584944120812,-1.13313801925869,-1.30578640874006,0.0126662007636752,0.811279795375246
-0.400663803581145,-0.337916584872151,0.55412736796714,1.59019456931895,-1.31998613733769,0.259506368468818,-0.00627766039390446,0.835415659333237,-1.10521177371874,-0.655642968589708,-0.192207776248744,-1.44762693124382,-0.48611142409951,1.07131257569202,-0.186095165832451
-0.0491858204597223,-0.56325577711435,0.465322248769643,-0.028822481689924,-0.475699887382045,0.728106346444386,-0.18278264236459,-0.284003848776847,-0.233459198426831,-1.44856544768999,0.612849879696726,-0.209112743893256,-0.186994855544483,-0.677713679214838,-0.758865697526767
0.916583170386068,0.441597299291374,1.39910879798948,0.512511727809657,1.16856416055047,-1.65778525946364,-0.51141908406517,-0.924111004476685,-0.54640555812016,0.214807564897515,-0.324993254631806,-1.59590859059735,-0.751978992454008,-1.28855981070735,-1.1934658152535
0.115272316778423,0.11095079108971,1.99134580739634,0.593726155013833,-0.11549495192517,-0.159169293914731,-0.0777848346466479,-0.407362182669324,-0.0428065703531422,1.08172002952147,0.247201779850265,2.07571010427738,-1.489820481917,0.573982991482721,-0.1610170645249
-0.399345764451361,-0.396869887059697,-0.939123079434771,-0.213480017019554,0.786727502192556,-0.9315942431721,-1.3400359666586,-1.54769929667868,-1.44631794596905,-0.217229119096291,0.18029431653303,-1.56123132170955,0.259935164437923,1.19479759786509,1.41458791394841
0.254644263280233,1.21469664771889,-0.828688773953689,1.95526000032637,1.57537353776145,-0.782420064339307,-1.23703469460445,-0.4523032969379,0.941529452090352,-2.01467416711487,2.22833560077916,0.782878557363777,1.26051029636668,-0.0277615221684555,0.692142091878016
-1.20218661633266,-0.199396757051031,-0.46666325853045,-1.14168887870144,-1.22759269669266,0.640853959312979,0.028632481580611,0.950283841366563,-0.913416006150562,-1.45872856722227,0.667238754142158,1.02198895329556,0.85268290441361,0.374127923500729,0.898376857433617
-0.463744864501837,-0.245812318823784,0.381748367266833,-0.147783034580907,-1.03046136107617,-1.29086584930937,-0.415603249354383,-1.73462795553194,-1.40956985528327,-0.967378640906479,0.297417221427553,0.791145666594638,0.816422613678032,-1.02948796279536,2.74141821406253
-0.374907579310675,-1.51254976115291,-1.24701590027093,0.0586088310961731,-1.1349881812473,0.240927954310832,0.881334804791626,-1.22857465123744,-1.51685158500805,0.59743318730357,-0.489009443127255,-0.850237236815295,-0.643195031078718,-0.300745995268519,0.238943846290694
-0.348474981423386,-0.330215159451965,0.541928224274232,-0.0886453409397002,1.0790771158515,0.692244520299908,0.634918999137002,0.967988695273995,-0.393348554870639,0.340119429868903,-0.847613345120303,0.00937796379525106,-1.2805876904593,0.348654634095519,-0.224506345595304
-0.639898584722307,0.00744186498435309,-0.391060750630625,-0.493860923267792,-0.40032544626142,-0.957170561608383,-1.26951699803599,-1.54227162243637,-0.767665624417431,-1.42499279088768,-1.6773993912732,-2.96936628054367,-2.05399829155955,-2.31537157547067,0.311888006752207
-0.887621533600346,-0.851891067875885,0.434578846770122,0.133137009454498,0.769198936744061,0.174363747882577,0.427150177182192,1.32731055402329,1.16668176665616,0.270869232559351,0.749236929363965,0.627854673205583,1.32885817683029,1.47244326025842,0.197868296451572
-1.14530769416383,-0.723507400680397,-1.28997036896342,-1.00875143904526,-0.0743030474953329,-1.9761563149612,-0.957429138185698,-0.633997112036545,-0.708798743943335,-1.58589374037943,-1.89954664785203,-2.25946484341448,-1.01776927170095,-0.418172053711961,-1.22099771389473
-0.703886579803643,0.0104946836530094,0.248825591936167,-0.660670487849589,0.392114044071761,-0.964460873861969,0.0947697098638589,-0.0389427070237097,0.179643647512032,0.662751850136478,-1.00697015127529,-0.563469651263107,0.289363159895112,0.00733178601499746,-0.690924891502298
-0.300363602249724,-0.85447782829653,-0.298734616378084,0.0680875419013567,-0.19532787872878,-0.375377219091251,-0.030732821997919,-0.0112287196213132,-0.125294968397781,0.203670518379803,-0.675308507438386,-0.673409443240161,-0.38525045757276,-1.50392042628718,-1.25035952329808
0.752464305381241,0.932620817035691,0.194540015048819,0.645916328210877,-0.859107203474434,2.44398124490147,0.984248258532293,1.5388606350998,1.12065621319362,0.838497459368056,0.461522297805826,0.969809763765436,0.400952659233179,-1.30375230050497,1.23459521074167
-0.569759421935831,0.221728480514298,-0.575151481400196,-1.44167489044546,-0.836182257541293,-1.39186999415815,-1.70460956137014,-0.288951475155343,1.58641862982849,-0.393583872495649,-0.347720020295201,-0.790895483721145,-1.97522515264586,0.440626076339777,1.09938019814259
-1.5414610345385,-1.5327442260181,-1.46627788045939,-0.0796932489464556,-2.1491018289376,-0.371868111955616,-0.149222695877239,-0.777768145489918,-0.615027184387745,-0.647391903798991,-1.44510248711702,0.163208697453943,-0.323697128345857,-0.104308903711364,-0.297954332089148
-0.699716065633313,-0.0574559920077076,-0.983939391469483,-0.336335481592342,-2.20980268244885,-1.19555106138041,-1.21658463462857,-0.528367373111539,0.192309637354329,0.915390770670589,0.30420196973322,0.0293718908392228,-0.940303449351965,0.617103219815333,-0.986710304239594
1.06384046617588,-0.274228340091453,1.56665398742983,-0.701428322942754,0.692052508578958,-0.368992977034902,-0.342925514356193,-0.907449513749141,-1.45886978548199,0.347902747925527,0.112328324578648,-1.390581965705,-1.21324495972588,-0.568525504323943,-1.04236330485052
-0.897775683752865,0.0432003277676222,0.010627617100366,0.661093006651254,-1.0065083776014,0.526663475086413,-0.476265671780778,-0.102614021468742,0.0485933448802295,-0.109823179875862,-0.191972344440192,-0.46489414311374,-0.790350388998867,1.09559169791419,-1.27252465898929
-0.0778868616054681,0.537766264986599,-0.99008417024883,1.13477691692509,0.0991953953449312,1.04376200979661,0.22231915658231,0.381062491529576,-0.970180762950753,0.0113522584646128,1.44709199692626,1.03601882948603,2.1522040966669,0.931082543870749,1.59633955812797
0.300525146417999,0.172412783517601,-0.844931264426834,0.0988158110829821,1.00583996265667,-0.646597517647065,-1.03236531517721,-1.00058480822336,-0.8906748526194,-0.236318313802303,-1.25168848971475,-1.82425679508122,0.802908261469454,-1.6836038306007,0.670397142467553
1.29575295394793,0.406899900428969,1.88696613703758,0.570304865026251,-0.453352887711393,0.262792440611419,0.990520168816573,0.19842388286753,-1.63142760263584,1.68494496809968,2.31422731942162,2.75511988790959,2.12035337377221,1.57223121321975,0.649675831565502
1.36747798002076,1.88730918134474,1.11054314343385,0.957220855042037,2.26923208262223,-0.583020540266732,0.130467671542544,-0.52734555960802,1.08620755522919,0.649767515389901,1.46113597789019,0.706546040122481,1.07632536792359,-0.762929483624496,-0.336056728830498
0.400144098078411,-0.584801594654335,-0.429572068498073,-1.44405519489196,0.663228318850689,0.54448688408379,2.274683821935,0.0845358635748002,0.807115198527439,1.26019646867552,-0.313842498009296,0.61326179128828,-0.783130450296134,-0.918991797256656,-1.29646560563215
1.75013342737861,0.784316931200821,0.71916932055346,-0.129948964048813,-0.271927867941438,-0.193211529877323,0.00813899277084615,0.119296246025161,0.357753282765443,-0.372686532609407,-0.263498652370195,-2.3136670554171,-0.0935363756154716,-0.737290096272014,0.263726602387425
0.163686266047709,0.270653526133338,0.0123417989782551,0.316020653867749,1.59202667636716,-0.52146064203244,-1.39952198052679,-0.660433299963719,-0.259962076426073,0.164627990067896,-0.502341701403364,-0.920855855996716,-1.02063390572548,-1.05103635466065,0.483320899543118
-0.859004181329029,-0.538599777455659,0.277204860202131,0.184678157978791,1.38694216796149,0.712793193245866,0.0114617158546966,0.442094957842452,1.33529248451751,-1.07353091968914,0.841985359085191,1.41931994863263,0.582363549906103,1.22149402605162,-0.373425242985134
-0.595871984697237,0.0837068493291248,0.411699614847414,-0.51047042954753,0.487982187626879,-1.01641197080132,-1.07292624660439,-1.29952501951816,0.113540965734088,-0.652806601923302,-1.37999723912377,-0.0705569930554791,0.191067360435303,-0.532751410758826,-0.667716709842245
-1.15672347806543,0.828299605607673,-0.68657274776,1.24559469053764,-0.531780386406283,-0.168115725822229,0.677068981789154,-0.673457719768569,-0.723980316390008,0.880741829622338,1.17430408020611,0.794692763667198,0.720905146949452,0.377423970715378,-0.249662620451775
-1.4839196636654,-0.965974734735099,2.5989712640528,-0.0163779795762797,0.668457570886376,-1.22320920424175,-0.716599775513398,0.383016058114726,-0.559153143559555,0.578606356279997,1.18458594080503,0.831679427557255,0.000821644961058356,0.518743346699153,-0.0930241226329135
0.0126965876671086,0.142650120954671,-1.21348267870204,-0.681489354867708,0.311598328306381,-0.607973656218875,-0.137442029137281,0.312148608504874,-0.239685670584991,-0.922348671608992,0.768269567639763,0.840818883906953,-0.66921256639284,1.3778587451825,0.897390524779164
0.599739163804237,0.685426846976965,0.952990567573529,-0.328499943280339,-1.0742861902715,0.266359170231337,0.371269708094779,1.19186389435845,0.858502191616374,0.501365311088585,0.768586209537778,1.17592908095214,1.00472601536853,-0.240649860833626,-0.557743416845017
0.142732608281634,1.01233572921474,0.451632840935689,2.02739015693541,-1.22973049226387,1.09477710889092,0.686473990755688,-0.262011071980304,0.40354111309165,1.3395299468209,1.64448775788087,1.10296981892663,0.516173390186465,0.178085474683296,-0.60314084505602
2.27848658836709,1.10624363398378,0.0167416046626287,0.535999967779435,0.612529137069341,0.146331570189441,-0.773040234590257,0.241332430101304,-0.730397908956811,-0.442076801322422,-0.466462877988951,0.332583276125831,1.39977202049984,-0.461612443797878,0.485803578404644
-1.78021300536229,-2.49874455795223,-0.744968142926524,-1.06770621427938,-1.07557113219596,-1.52639279736351,-1.29406135430576,-1.79849224649897,-1.54541498402358,0.507647707356731,-1.6639843507512,-0.821849038478531,-0.564770777896403,-1.22234442708575,0.430038613453486
0.655047991901025,-1.10837263627659,0.113829035701538,0.731583273487048,-0.0608048903153301,1.25009334027735,1.20518568175136,0.715481526465437,0.737365498858969,0.878409472428642,1.45499137542315,1.39852074075249,-0.021804841474308,1.33356369792982,-0.795004958943343
-0.885995840423685,-1.08881806650816,-1.2117789777752,-1.55210428841264,-1.12908526208962,1.60447260889333,1.15692806460862,1.63762928239093,0.21588654447175,1.51663213822738,-0.806873365539073,0.912482674061179,-0.775559543138949,1.68222243842015,0.184141057168086
0.0424478781589284,-1.6264582995458,0.0798360658875512,-0.601182544119319,0.092919601726551,0.995686543757624,0.642751966072399,0.235451074205396,0.815170183221044,-1.11461180653331,1.27950437077124,1.39232582296326,-0.0774787980014575,-0.146867816070335,2.42498017040544
0.692559507543141,-0.562049846059573,1.40740345347474,0.337256804998837,1.30199480744448,0.487213453939046,0.413880292672551,1.04392433665138,0.0946100754799601,0.237673249366607,-0.0991126030585969,1.25873272206082,-0.702301659795872,1.02336946479022,-0.171624726641318
-0.79385192831274,-1.81733851820628,-2.1916463931415,-1.48303887023542,-0.710207055388792,0.231518361979233,-1.25080788754322,-0.537176450020964,0.209048934433831,-1.42943457188171,-1.89315654537813,-1.67989117701272,-1.70393506525638,-0.540550182454093,-0.90234033295639
-0.274363712437387,0.160751176917945,-0.565855605290193,0.540686405672612,-0.622477162696233,-0.101511058794153,0.557183318984229,0.144605068106567,-0.752452637199323,1.20438074070281,0.927995423305572,1.49108318585203,-1.30911586214446,1.38716206696696,0.967212073043155
-0.0334075188381732,0.143355946593802,0.74772176339127,0.414581990617204,0.541451838845562,-0.0405680690399879,0.637672263793352,0.287848390732475,-1.12883030065309,-1.05281765583684,0.319118559875676,-0.368156673606949,0.443220550391678,0.677129084606176,-0.664365021185011
0.450829727075216,2.27219296337659,0.779570228696312,0.0390601175889109,0.577789304845837,-0.437306177584315,1.86352004432035,1.83330105548243,-0.822606794968712,-0.560814415538629,1.68378840609437,0.405616280820318,0.524450248682674,1.07982667921088,-0.151362664783776
0.982896028161729,1.05927634643152,1.42076979902933,0.43879920171622,0.140497954283496,1.03509078831376,1.26048856686962,1.16740124095819,2.34029998626486,-0.165841330767375,1.66601968820415,1.30469981972633,0.52910800667242,1.86961782209695,-0.933733476855926
0.425572317968124,1.12007035251653,-0.745936754199398,0.682227864417775,0.597757020978296,-0.214039228716639,0.425342369703048,0.42221825811657,-0.291806234597186,0.354071928402305,1.37401335371478,0.672933235724863,0.680682912308377,0.100397668968441,0.711765368535452
-0.265737946911989,-0.272160212946705,-1.07103111253119,-0.0781714094796629,1.30941534660693,0.447045192817048,-0.0217999670561421,0.343606284106866,0.955041887711772,-0.655545323281391,-0.723780857734495,-0.430691729623517,1.0909689542,1.52536176084409,-0.290680298467171
0.033861501021037,0.548787389371504,1.08785593709427,0.380804661510056,-0.59000695401816,0.631643584285321,-0.308890367920563,-0.21012567406124,1.17436270033754,0.511896860860543,0.379498949481389,-0.279921243818121,0.548453293757091,0.0878890473482845,1.46014768239685
-1.99204994870693,0.590908269806504,-1.25786837615604,-0.74795781264849,0.473998016409707,-0.672477155424704,-2.21100955489061,-0.474987650221157,0.331254947116276,-0.367709569594436,-0.351480980198754,-1.10384159452647,-1.40701452792449,1.76311086225644,1.66429884201514
-0.489624150154019,-0.599829857283903,-0.333548033440995,0.506780227958547,-0.518382835406411,-2.09245489484745,-2.16016162615124,-0.908090261019426,-1.16107176964805,-2.77203066793064,-0.549283764629062,-0.465970550438394,-0.917469655732594,-0.781809577457697,-0.974771989033253
-0.27206087593856,-0.683979134830587,-0.463416719162839,-0.748534013622056,1.48024393357929,-0.892094590930517,-1.64091890700383,0.710164369777277,-1.38277567967031,-0.923974404813849,-0.995546708838198,-1.86788012193593,-0.00104286794231576,-1.85773640264021,-0.167991704892939
-1.53052992093313,-0.88260299651804,0.484976117195541,-0.419135807476892,0.660695185190207,0.736134811895866,0.652348940728031,-0.202180088626708,-0.068466033145236,0.216842011849041,0.268901131860799,0.850817663197484,-0.947879312468893,0.169435373088171,-1.1732751279727
0.479686278549919,1.14072830131119,1.69783438133531,2.04774890029332,1.03563765123117,1.61644722693652,0.864102265080629,1.21108933071383,1.0342078646844,0.777116198134969,0.0481095128056227,0.133459984556394,0.0183737415272333,1.97824079218538,2.05685013797806
-0.408931773726483,-0.769667153082871,-1.28218511945615,0.822994983616795,-0.120728938396475,1.20366323471235,0.492238027716995,1.57848550383696,-0.613819374076271,-0.0340911286357774,-1.16526737581229,0.236657959656597,-0.196906673124852,1.28213943318334,0.181181471817766
0.676531017300017,-0.488474478920308,-0.298258837456602,-0.0145050860436061,2.50873247931615,-1.09145935419761,0.788077955097217,-0.540736487075876,1.40797773938934,0.231690988564104,1.18488360694502,0.0744999325741828,-0.347162121950166,0.583790993513131,0.987604958288607
0.418523345943036,0.802297936106153,1.15879804818854,1.90038526511876,1.06565652635511,2.00160892119373,0.915282381459829,-0.0289683247411062,-0.0672465943469687,0.0561840226792876,0.200182743740747,0.223483073889767,0.0957993261429233,0.182615236800677,-0.0458494000748725
1.30339400017623,-0.166386934745297,0.653258982782881,1.10167191340328,-0.617620617726643,1.75914570523461,0.91319554312719,1.92130450357833,1.29862569658774,1.64193704980712,-0.658164247195593,1.44658159030204,1.07492798261262,0.308804916330521,0.924911127201049
-0.241163216570148,0.139168007972869,-0.815241079152355,0.185643326893498,0.295500081485496,0.602580684075149,0.815527982501368,0.106174507772594,0.189730891370372,-0.323628124120161,0.525298711491275,0.403338629563153,-0.531477862374117,-0.757869245919209,-0.507751594624616
1.78049622659119,2.1806711500637,-0.583273736620978,2.05062740213811,-0.428787458025805,0.896247187262117,0.504582244210018,1.36854077134207,0.184224021097018,0.0412325992508522,2.25183365072935,1.37049692473984,0.709626266133019,0.509482338944988,-0.00615429942259159
0.846741940211921,1.00131650682158,1.58606951486261,0.270653883611135,-0.225871790311142,1.10834736271035,0.0531239363808845,0.521249020954203,-0.174826704179127,1.01091215873474,1.07924119441838,1.00635598821263,0.550224641980676,-0.133274152467736,-0.134273284006053
-0.960373174545712,0.780655134178365,-0.721228749660434,-0.947965857856042,0.119712120312845,-0.56041338869007,-2.52118917565035,0.337706723954564,-0.0762211044561779,-0.436015750425096,1.58953369373312,0.899460177149698,1.40881705990138,0.167214523090499,2.80701793860528
-1.10627119235716,-1.39655415940327,-1.67233544984322,-1.55849694886135,0.0791347362169075,-1.6024290189416,-1.42522782336636,-1.75179457942605,-1.51386699215495,1.03389453158236,-1.05484335427464,-0.937699493157412,-1.17512269411097,-0.122113782569925,1.36633800531941
0.678297681842894,0.755667523995635,0.255643599347747,-0.422124073748834,2.06128054258051,-0.455406085692147,-0.93312129998708,0.0224958269331679,1.12378828099615,1.14896109777528,0.549689952594805,-0.471986544781909,-0.505115565021009,-0.1991520722946,-0.593051884978771
-1.62104418222076,-1.09356777084034,-0.978380678185478,-0.0244267990603928,-1.81289613394259,-0.862131381294813,-1.67576986663481,-0.1348973398882,-1.64797848670267,-0.0927243432662715,0.876560874449688,-0.301019096257393,0.158737892302567,0.644545320670258,0.205629610978948
-0.26086083492421,0.757160795314573,-0.0260899894570776,-1.33197503258329,-0.219516253486707,-0.0451830151437685,-0.839940935891302,0.245102102427465,-0.126981351205834,-0.12180589693958,-0.0864812013369034,-0.430826135773051,-0.0454533944457435,-0.608902181463092,0.55921850659033
0.0877157037487929,1.95176680300393,-0.538998092253131,-0.117992009381299,0.155854402276424,-1.01286325440854,-0.938731202266128,-1.12479281018463,-0.733654715928524,2.05356719667408,0.7014479751958,-0.17247235194648,-0.239235070883575,-1.35702268785613,-2.09143793136868
0.0235742018593822,1.79245164165503,0.825759677328888,1.12835343181724,0.542371283857721,-0.205946806219801,-0.252990667570946,-0.19982869175491,-0.638003597097412,-2.36606949064192,0.778653135932619,1.54537697102,1.00090924544819,-0.40860989799073,0.756497704424015
-0.446386677427506,-1.39577817608646,-0.451270818557006,-1.41545094924459,0.421537549877088,0.274445991247034,0.771419593838204,0.468985469506782,-0.0866948406840451,0.903366715362055,0.276654122393529,-0.0258498945635196,1.09856719351596,-0.396724453643715,1.1516470904726
1.48193303173598,-0.712854170541474,1.0575440826441,-0.111245032414181,-0.0769833594478344,0.956010044840657,-0.477975006200062,1.24548713897227,-0.256278285383987,-0.348852812332136,-0.162855994013493,-0.437665627456876,-0.264957590121228,-1.41237582239054,-1.47653809150875
2.18216000813903,1.3944460643168,1.44843531631514,0.973513318677285,-0.0622624708710617,1.07607660674084,0.958734309143626,-0.90500315564953,0.342218812692782,0.269979361758448,0.911483778046005,-0.153913225398389,0.343658257108582,0.577389077634321,-0.470560792952261
0.168045110503985,-0.00829951294606113,0.0184842321313521,1.35447360238701,1.85069635786176,0.585782750579225,-0.437311604256239,1.12809741049654,-2.05405334366036,-0.536747090852763,1.602438418367,0.374186753664182,0.109485207171763,0.197190676406785,1.37572739584518
0.981050351819405,-0.0028589854213685,-0.313989476195304,1.247970068431,0.196678131662362,-1.1853755379106,-0.310446063925022,-1.0604113598173,-0.256586260615515,0.670563743751465,0.107143482492502,-0.666321284143141,-0.304181516040475,0.379774287546195,-1.56886491802925
1.12811664835907,1.48311000038716,0.625947548181648,-0.253332779801519,0.189795640029151,0.215927169428365,0.00197685297260256,0.21116112393885,0.943074562621438,-0.728235646630313,0.717255383307137,0.219162896825369,0.351759829635517,-0.249025990511218,0.125488604766217
0.348231098704833,1.64492588680932,0.105007782539148,0.391830041789528,-0.86964885878492,1.05289325553442,0.314682564958132,0.371136510318553,-1.21934630933053,0.0471453629217066,0.861141902979977,0.665479576652236,-0.181323631248995,-0.713455242810736,0.368342656200981
-0.356349912804328,0.57780234055059,0.295156363707423,-0.649153154439982,0.194256274286512,-0.424122739181306,0.72382393913482,-0.822964548198647,0.0751041863138051,0.472358458074921,-0.0736459105202483,0.149389975838538,-0.320258854070871,-0.801221972422018,-1.70426215248328
0.849380444614877,-0.0270880093178825,0.964000215052604,0.981338451510991,-1.92600352031224,-0.649611823226888,0.484644164300509,-0.88004756194079,-0.188935963395743,0.170330200948964,-0.525881651557744,-1.44960797351327,0.681366155286358,-0.299714268038332,-0.245163869070914
-0.419374985324203,-1.05259722872786,-1.05909286767347,-0.689989227171699,0.342355577515994,-0.35837804510005,0.644470980513326,-0.635201959871219,0.740005241886621,1.28851768105129,-1.94132968383155,-0.845069860746179,-1.49884241650559,0.985401675951355,-0.143144781730275
-0.0337169694390186,0.048914438102177,0.285950325443365,0.445715083794563,-1.88492114740431,0.250537665093253,-0.922607870739528,0.028421668618649,-0.225140599531955,-0.35496330992514,0.949088952896675,1.30446979467102,2.27542027719117,1.56480618604235,0.613426539959666
-0.837387814157538,-0.266327620005194,1.00656972579701,-0.626225018000698,-0.15561761939588,0.446715591393229,-0.0879147890173768,-0.021438084695027,0.631575864354808,0.914973010335305,-0.0295724267961344,1.71358082160699,0.580742961034261,1.34015571830838,0.0535273035519619
-0.0188133327688478,0.857649384099031,-0.295306746296111,-1.0654896012735,-0.0755008445731295,-1.30946587491013,-1.60574934758767,-0.504318339709726,-1.2958281296051,-1.53664768112782,-1.47371899587475,-1.60454192166895,-1.67180068620821,-0.997689445768568,-1.74178368111584
-0.974035675448799,-1.96730009737648,0.0498799782897756,-0.960071294286148,-0.31319311448412,-0.229332814283829,0.204387064660208,-0.244477042351843,-1.00514440933597,0.70163102094329,-1.40629073192352,-1.05045412958815,-0.624682774582597,-0.171869818982576,-2.01046088215465
0.667584259684919,0.538700091774474,1.09199064118486,1.11796559523285,0.879739815512195,-0.406607287565557,1.04045748014824,1.61246487039996,0.00371222215598063,1.26513023665599,0.779178560116539,0.930328553189815,-0.331214905000605,0.761566894959354,-0.536127501776183
-0.273355630872491,-1.51501119580801,-1.46379380193835,-1.31137277387292,0.205523856599838,-0.00942641470610522,0.481941674600626,-0.109088847613816,-0.902459688949555,2.08063381655639,-0.0191953673844795,-0.426436474522813,-1.14988097750507,1.23224547576855,0.468105596254605
0.3277666281502,1.17051240515105,-0.42083590962887,0.864487164581548,-0.621268491204428,-1.54351372315839,-0.586660713023961,-0.548120391682864,0.713719118595688,0.413837746185279,-0.218045969568671,-1.38703558017442,-0.127886574500276,-1.61016479209817,-0.60383753044155
-1.16297350641272,-1.18312870137255,-0.333114757474399,-0.230999600842341,-0.422701168941853,-2.12566891092199,-2.28152386517138,-0.708137452852962,-1.21784662325524,-0.57670444370246,-0.595481724352893,-0.524768679866039,-0.104255734952894,0.0827702155438444,0.0349618404143309
0.461536586907908,0.704700263942748,-0.190132456098626,0.316431546582745,-0.674663003057569,-1.2610339004045,0.108702042503053,-0.860297806437775,0.029752835256842,0.593078718754783,-1.13946533580835,-0.918629559301456,-0.423497501652043,-0.609559256587384,-1.91826149358033
1.11243641422457,1.49273541274991,1.46421369438544,2.46255298765271,2.46177046234118,0.89403967888474,0.390239529342855,-0.00849958898438813,1.27896722245353,-0.862393944374195,1.8008856467879,1.08523593006946,1.17624752776682,-0.755974962647979,0.458245882348753
-0.11884073853859,-0.703217039642222,-1.07358052891798,-0.639718174928109,0.659742191200973,-0.93356855213407,-1.26350456732012,-0.110149492990946,-0.222739861618185,-0.612584754091646,-0.874223637776108,-0.739517938100458,-0.696655026246125,-1.21210147544648,-0.48777009401216
0.11088882739771,-1.38898994933809,-0.202389631613698,-0.652968169827117,0.0723884137669857,-1.95467022726496,-1.93253310025157,-0.716544130058376,-0.0830716282123604,-0.911980247675016,-0.63712323564582,-0.451580545126325,-0.947298264980955,-1.76804897587971,-0.685197743920882
-0.475279243935769,0.408419731979706,-0.670194348810891,1.00791959944294,1.08627683904742,-1.30616465407555,-0.73580765578008,0.136793966565882,-1.31825535301786,-2.13263236385485,0.554145555280952,-0.170501650411495,-0.0608173150808253,-0.101884884183761,-1.28432050443037
0.921291664244961,0.900472688432838,1.32115860827813,0.63577335679972,-0.968272400563981,0.192830141362193,-0.212932178366109,-0.365140721233893,0.13424614427053,-1.72106749617435,-0.228204153814981,0.822556184807844,-0.372023504139203,-0.775603715365952,0.442792929303657
-2.31970627958363,-2.13879612348401,-1.29102528758049,-1.9133664152593,-2.14334647227334,-1.73517578243869,-2.94349540287938,-2.94766933267117,-1.09355622757613,-0.459781514599514,-2.32270210775818,-2.59718616471358,-2.68450166149945,-1.64403729786059,1.05225249457373
-0.187091409018498,-0.240739503336775,-0.334504577081683,-0.0822966356907302,0.523070513196224,0.0181720275013405,-0.763909539176045,0.551618944593089,-0.52479614506384,-0.708484441401935,-0.258947451227268,0.931481312021345,-0.254279937397632,-0.0529544465350482,-1.53522921750283
0.515796250390387,1.16587398466132,0.879193180360199,-1.31123338559016,1.29246519361372,0.379384185225135,1.16589155818981,-0.237537997772243,-0.553799201041228,0.586910966208267,0.836781932406891,0.144558154882475,-0.682260492907908,0.0548446280019621,0.0547304863514237
0.0733791333143789,-0.33665651517402,-0.453369434467378,-1.19018687068696,0.39322122806761,-0.725720339205199,0.186991358425133,-1.39104828689559,-1.10365991859554,-0.359381570125381,0.499693361058086,1.50201712975232,1.06772544251753,-1.71262802199514,1.14044281169081
0.306081039766481,0.544322789570542,0.502577728278349,1.50571654455328,-1.808822611914,-0.787035573008547,-1.58239268907872,-0.346404347834897,1.31085128251024,0.934673726110447,0.453881055155964,-0.819799347899726,-0.243404997890149,0.213535487791754,0.211158652936112
0.97840962391883,1.21176416596476,-0.317213335444036,-1.00452002575668,0.619554905964361,0.209875099343349,0.242900571892292,1.42707597704814,0.143589324360227,0.752301158156545,0.837162221411563,-0.240315424169894,0.212260201295297,0.14198318074337,-0.0785108010289775
0.514381139077966,1.23195730115191,1.50745942214979,1.29561425568114,1.40823202737148,1.75396475200191,0.963568289667791,1.87086342184997,2.3875032969205,0.293293507948868,0.697184991165856,0.590894856009003,0.661884803321341,-0.711899184194405,1.69703094772421
0.317752081188422,0.0498584580666517,-0.461121999878918,-1.04994459110644,-0.889184921439658,1.48121151791867,-0.158560200078584,1.08385836651354,0.297527301460938,-0.0472846165853381,-0.368994092131547,-0.747332379488072,-0.869206178819504,-0.370423415039765,-0.363832303576771
1.0797148337953,1.02915230529421,1.18805194401706,-0.0631148174800779,-0.147139672369006,0.213583628570329,-0.2114220922225,-1.21219909170041,-1.08017205956447,0.786185566754264,0.182014010936745,-0.13296146462388,0.436270909487215,0.95639243705883,0.677275280963062
0.261259913282478,-0.426341085769753,0.325175311693576,1.34162455475296,-0.0390633948538876,0.599087043070592,-1.42732752103991,-0.601097076715395,-1.65709343178951,0.0756122163860364,1.44366200477393,1.26013448093809,0.588235477864992,1.70080766830019,0.240417127268634
-0.220431833032125,-0.239024444998263,-0.574898551230613,0.149058867614933,-0.211569866243392,-0.32115615708106,-0.196738713864064,-0.326400222139548,-0.0742357243721761,0.620510060050059,-0.124228718919658,-0.794866247301531,-0.468888534739027,-1.05442471129159,-1.57460040492792
0.0546232626809142,0.350385002640262,-0.0869310022136283,-0.681198693022675,-0.543671845517583,0.272312878390576,0.167007212376241,-0.576808815332949,0.103961391771065,0.963930156648051,0.284193350111481,0.449188824978953,1.52900004607051,-0.0813446412350589,-0.518617413915107
-0.800928849702145,-1.05768766708121,-0.735255835180142,-0.330819782235745,-0.67813768950554,1.17664100805485,-0.283739486972873,0.781599738295058,0.300607890044422,-0.287904382143281,-0.756220352960116,-0.0535597731730992,-0.371819751859216,0.691022113824101,0.904170594150152
-0.12333731357302,-0.527094183772738,-0.508486702046265,0.734475575543185,2.21932065785197,0.971022086811416,-0.103359887514542,1.29355891189053,-0.659301198963602,1.1318846087533,0.096810100591518,0.313700416996698,-0.656807873461797,-0.165330237962739,0.00861341682527993
2.01579504231676,2.31542984243209,1.45768718399157,1.41047193600767,0.546281492996954,0.519784002902844,-0.900138786619241,-1.01930716581548,-0.129794451607633,-1.20199820488257,1.96669719175715,0.581307380924864,2.12426937403969,1.17065738381314,0.573630176005447
-1.24202458438082,-0.274924088453527,-1.94284733603677,0.038048182891318,0.449731355661471,0.120277004757752,0.106030402930869,1.2902719131051,-0.47271469970919,1.34576961724329,0.713606796898595,1.16900938620345,1.13575105716608,0.174337199535914,-2.1274174949155
-1.56099633004987,-1.92011161382855,-0.765203056814885,-0.761689962396954,-0.432458290600711,-1.10844704429298,-1.2955299554152,-1.03518367702093,-1.22815047350966,0.0959045540775858,-1.74099196683814,-0.573482171297024,-0.768069250497451,-1.1652432363242,0.0452665602710388
0.318338058377372,-0.949401911013911,-0.588187903987785,-0.284081554043637,-2.42143817914183,-0.109986441207419,0.740115667533247,-0.168077279386909,0.284395051627096,0.696092121537138,-0.617888652754015,-0.144875388739438,-0.776457985766471,-0.029562323151218,1.06791617143252
-0.524937061828139,-0.124877923132873,-1.18173367545783,-0.310908661919718,0.0708163426475374,-1.00368271268751,0.50289911801324,-1.47951122385457,0.367302980581664,0.53975083030029,-1.53451559347682,-0.519295352372298,-0.876997676181088,-0.962942457386364,-1.34996651886796
-0.474751840536924,-0.176062268216358,-0.536362773586991,-0.330123562472991,-0.719076553729429,0.601183284732973,-0.523729131676971,-0.446524096692009,1.12861079532944,-0.122113376551773,0.88768263212799,-0.102021236717831,0.754910474570106,-1.35955369023032,-0.966173698300604
-0.510181092070077,-1.40849013370549,1.28546577547376,-0.565612849660918,-0.521154024466888,0.216599209446315,0.285081885504369,1.6587275376784,-0.563972901915287,0.327777468255145,-0.455589744490521,-1.22328124775777,-0.363705186749567,-0.414631042228178,-0.624463492066693
0.793931781207872,0.979843301652104,0.0468087524105186,0.750236635499438,0.347059667022197,1.59779344015185,0.965151515780251,-0.116441779185647,0.646440058053128,1.38990763772566,0.85629052123417,-0.316313963592005,-1.02374131170472,-0.343540423074578,-0.823517602767185
-0.153545602203783,0.444871289887348,0.63775421530561,1.63443765748677,-0.153443204801929,-1.2712225717688,-0.633091739110106,-0.0955079411909895,-0.697417553791933,-0.369791086915218,-0.901405052956304,-0.7037826579448,-0.285317273314296,0.110311993390096,-1.81493734329462
0.804669642487329,1.93826203699389,-0.417023534461332,1.35032289906259,-0.190775265497615,0.112989315815809,0.667371384814761,0.440317088952816,1.78745577997766,0.219211717341231,1.33668191139144,1.12092433213506,1.80256629370595,1.02205462531405,0.133344961206369
-1.540969840937,-1.15955189132079,-1.83772701026926,0.70348506908673,0.349927859609874,-0.731543651281662,-0.826255477052181,0.201858418424566,-1.87054876119282,0.111334804218589,-1.97599222172074,-1.72288657509314,-2.33363701585054,-0.642027649887273,-0.580697056041307
0.879468242197354,0.494614373809555,0.415930465244923,1.3403648677205,0.143176456021408,0.62695675742704,0.665207068338694,0.355179098121459,1.03691782137087,-0.0699206972673296,0.579273628502634,-1.14160373109133,0.307574056388849,0.108619847052493,-0.968384754224512
-0.359258551378209,0.0158479033682267,-1.16896243820702,-0.0444339550081611,0.506950486350224,-0.0647149087540609,-0.41068895136344,0.736897741691177,-0.723905555556627,1.33098350835312,-0.642397555622111,-1.06490497898782,-0.734123110759841,-0.0266193727530051,-1.21816221530169
-0.319688456404788,-1.43484097595666,-0.798788123239244,-1.98447499899264,-1.55759020621607,0.956588492696501,1.0842161342447,1.47173684622788,0.571702180192763,0.240968517527954,0.4896297135685,0.87227937856403,-0.400222424731895,0.518682225566073,-0.132940936656085
-1.27154669166858,-1.68420266701475,-0.0098999622556384,0.462633087094316,-1.91423467062972,-0.735024905534236,-1.85961390196902,-0.127744814267626,-1.78114059469703,-0.167144277874857,-0.863982955352999,0.794330658075816,0.33571181741256,0.226786182732338,-0.260952263498572
0.736959536482736,0.663835163565913,0.0232587428030925,-0.768002675434655,1.54030201287973,2.15158870596809,1.671927724272,1.16983527287845,1.19358318411608,1.90347776092133,0.204777914476178,0.675409944621116,0.264067357298754,1.24133779409214,-0.960751103696712
0.0148592219843011,-1.00216758720928,-0.438982513642472,-0.483846892145321,-0.0279582218943184,0.843799686950616,1.23104394096095,1.65780740175525,0.657951438805752,1.84910737554474,0.819319662820956,0.840934495083097,-0.449457037009397,-1.24158501518618,-0.404149457400015
-0.388896611972224,0.622110653631889,-1.3495179547349,0.264380025342893,-0.427839102886271,-2.04647425498762,-1.50706005504118,-1.40365692369089,-0.263298266989218,-2.14494662940699,0.73706990186794,-0.0135211242651282,0.959791752933391,0.979264307565527,-0.949140146429365
-1.08015906910902,-0.790086779039058,-0.929830095073145,-1.65142623939014,-0.593025807353931,-0.268910716518457,-0.585975773001659,-0.618564125962922,0.566512071693335,-1.05628590414408,-1.39717131037702,-0.571042171253488,-1.85460077963799,-1.34992689105007,-0.982268166512754
-0.916591738805831,-0.15492494486464,-0.247084665023662,0.0434532968840725,-0.424641804018111,1.09738062120896,0.274442104711752,1.13443919057847,1.73297053450245,1.23696650413885,0.350234901763529,0.315364856416263,-0.761937429292129,1.01671286437494,1.54260677971943
0.539125617533401,0.445014171861098,-0.841984155586724,-0.937739337150615,-0.14962776273664,-0.332600888157968,0.581592941843761,-1.27516785616902,-0.047749237111927,-0.339329961404031,-0.317187354300796,0.150499108572711,0.932255685552066,0.274226567933482,-0.980489481021767
2.2226070429582,1.28648154435392,1.71635510506124,0.931630316892125,0.873898234751782,-1.24155310773317,0.101171582236616,-0.868922239826226,-1.11055259687346,-0.182782817440783,0.141098715776219,0.0740326440714691,-0.663386363929376,-0.623855397397693,-0.168170642764903
-0.507431504890584,-0.107289884267028,0.789089233206713,1.63971971765977,0.181212373804929,0.439356704743136,1.36088845682609,0.457676386474271,-0.792316754155584,1.18812009699336,1.44906336904001,0.809099085265539,-0.557869975344903,1.01047010016962,0.334572443563318
0.407802806964557,1.0113167781029,-0.573686473855437,-0.844622746115054,1.50524943027592,0.403622381091949,-0.118426304917232,0.303966066433369,-1.3068754247497,-0.372289795013011,1.13279305293767,0.168109970208841,1.17037166910835,0.896788149650047,0.387833069101468
-1.03500001494109,-0.812765974350117,0.380515552691601,0.337463467014894,-1.16787069388316,1.33303044429302,1.02867542158806,0.851437325298791,-0.0684882543871738,-1.06967836257249,-0.712203162529066,-0.684202566696448,-1.87455947462293,-0.408005023925327,0.219846374172539
0.973878792299448,1.69324345240754,-1.11635594237095,1.8113441159982,-0.709073233718628,0.541379464700809,0.783098772150962,-0.625765360612347,0.631450415288992,1.74984754526441,1.18603926089985,0.504523990982171,1.65877776904614,1.76822716690178,-2.15952565771962
1.50817414543355,0.901928664994789,0.525410867342483,-0.173406760709783,0.329342952299755,0.735373457662447,0.150798177436304,1.05227363155903,0.922981577559982,-0.5808360085889,1.67527985891145,0.178893310239649,0.947238010323124,0.865893303503753,0.326170103318823
0.292127858437431,0.198336416856893,0.698437938699981,-0.67460938267615,0.786780412289754,-0.470695928132242,-0.405787170282252,-1.8445889384175,0.549937440754036,-0.784327158791872,-0.674877293609166,-0.483332405034734,0.536950923104581,0.0897816178874291,0.00332044549291098
0.320864668963332,0.469204703085232,-0.137285881827303,0.291154336124151,-0.585237098184865,0.370628883276865,-0.425819005824474,0.373973906308868,-0.0160189420297938,-0.135168000824992,-0.462603655594792,1.15143096429792,0.160914783026861,-0.038851299347559,-1.2087520496014
0.702941386959923,1.88428548971248,2.6117591326414,1.41288653655199,0.219913714750169,-0.618054874458857,0.0601071537083139,0.613014208342972,-0.126310920476818,-1.25729103669694,1.15664742098168,0.846724643403148,1.28204017993709,1.11968441575638,0.468712184018467
0.988282569597743,0.189587566156583,1.49547894195533,1.46815287406936,0.243238396007537,-0.621617058563365,-0.383166110138813,-0.128002942556092,0.636329462435588,0.71752440477362,-0.6937589644316,-0.291510112245835,-0.130307644484692,-1.03666889046754,-1.27904399611485
-0.0873959307644962,0.537720133399136,0.813742545500971,-0.648031420219945,0.353410104238902,-0.689806158342794,-1.15764206414151,-1.25469755778499,-1.65405727198488,0.878859190496736,-0.0652899837635491,-1.8896399716041,-0.977711858029158,-1.23741726962929,-0.701768323620086
-1.44272945570674,-0.823130102818266,0.223525096196385,-0.526488242674985,0.586583986419613,-0.614441873791776,0.0169588978365804,-0.0886531435866321,-2.11848174939385,0.820755804983953,-1.00017990987906,0.276795951046855,-0.466582939165024,-0.307810774686664,1.1072646507358
-0.716199485362433,-0.167761202682473,-1.99615551512708,-0.909090152610172,-0.488308498111108,-0.407778488301355,-0.908097414843062,-1.41467179937269,-0.900497373872877,0.349627081758115,-0.824560805168016,0.758072784903971,-1.90850319283744,-0.839800497184377,0.602685547005613
-1.27506352514316,-1.50715599382108,-1.42190498413964,-2.19374902441,-0.870915423509452,-1.91623207245948,-2.11160620024947,0.238370708402438,0.218798089638645,-1.58578505412102,-2.11818807712325,-2.27263834739536,-1.72561599505494,-2.6581513632032,-0.613975314940844
0.908729033465108,0.767043321159234,0.902312963175926,0.822298650519908,0.217355220738411,0.733872770423339,-0.0446749986862329,0.377676781000161,-0.38142787735148,1.41710450260843,1.42009251078216,0.402828342946876,0.517414496111073,1.68027541362597,0.382795562110834
0.327450839837056,-0.234848595587281,-1.16752735821983,-0.710612676946923,-0.790744029668631,-0.915653415880913,-0.288494992526494,-0.835230496306644,-0.416868265365071,0.544130091734852,-1.07637307363216,-0.508151481808486,-0.48433713377867,-0.70924079606141,-0.557763948035622
0.19887922526936,-0.0296796788044474,0.27550199561462,0.32636844279017,0.16831472851356,0.792929427269542,0.468899247035731,0.345423594855016,1.33190396099333,-0.794534882145764,0.519601861178177,0.46053256318217,-0.386664296654002,-0.258989748474711,-0.818464230781046
1.49100152462663,0.606893708978232,1.12175590768952,0.935688859401967,1.73440040865719,-1.53900051393268,-0.252904205786059,-1.22287303157929,-0.469294467779674,-0.056448184105232,-0.252280091414169,-0.563636823656381,-0.981702283314408,0.335269550455942,-0.100321886968143
-0.299299224713481,-0.805528967160175,-1.72906032164235,-1.60940918653579,-1.52543065836818,-0.738971112002301,-0.481587151631848,0.55519050744599,0.194734542153496,0.226397975852244,-1.00760725817848,-0.558443701950156,0.628865911217137,-0.0937944931196176,1.35768893666144
-3.48266968872601,-1.88173086273812,-1.29482565239055,-1.72704678586847,-2.71652266284367,-1.42393578759816,-2.27603039310334,-0.673691833221311,-0.0588075611766996,0.859656934409461,-1.30298483779743,-1.70071413665358,-0.564089940095552,-2.00336750364658,-0.637853738250434
-0.266964219527642,-1.65710559525765,0.0695383177040349,-0.934305647490669,-0.146146005677832,1.82032404671859,1.88524881140691,2.54781349126355,0.725218671058258,1.56092240073884,0.102041203773737,1.51771881750253,1.7067549809748,0.331661464994434,-0.195684992523132
-2.11728000809588,-0.354465862551425,-0.860434168715322,-2.17805024809758,1.22738892573165,-0.568321941197139,0.287770809108512,-1.0817388119251,-0.493963362190575,-0.103196457809076,-1.08601889314597,0.759967425068967,-0.310085643107046,0.00924898445758916,-0.955447753498953
-2.8631257896424,-0.995146932522714,-1.3210944104174,-0.873286108755927,-1.8211297749955,-1.02362673351254,-0.639501977903515,-0.928674749318669,-1.74345981728925,1.07012159501183,0.353085402384033,-0.598144341059769,-0.75856382262903,-0.217873116876147,0.217857631214876
-0.79466089133588,0.458075688040651,0.82552095883977,-0.48291769673777,-1.39665502729886,0.781750856852553,-0.262881248080821,0.840553068944478,-0.583685120367368,0.621990172600396,0.205757372907001,0.312423509704078,-0.36700287572029,0.220876722699115,-0.303850809628351
1.35427087070648,0.609294701239576,0.828901471577099,-0.645631361952196,0.875432769897065,1.01837117738167,0.32698682465072,0.282314921473074,1.28882455693954,-0.501309094537977,2.15422479805307,1.3668198323797,0.861217132065389,0.77685393981062,1.49436681367501
0.114287344359019,-0.0827975785015128,-0.593280318836029,-1.02778844752424,-0.400325325123375,-0.55280185912409,0.179827892523912,-0.401817666079502,-1.70671025117245,1.25545819274108,-1.74699421907126,-1.17230756371134,-1.30349730859742,0.139330262088746,0.202837899737342
-0.162778491178147,-0.490151170627175,1.49317813475002,-0.064292024734029,1.37805947790875,-0.693790441105662,0.622374648802025,-0.817057530506356,-0.347701576285684,2.04815140014305,-0.795456452854659,-1.02509343623811,-0.826115481902462,0.0416871708450421,-1.39502888028916
1.2565978677021,0.544730882978074,1.52016566215417,1.0339643405365,-0.215670338808064,0.803800299240155,1.13696891317295,-0.710555703520035,0.349271796685077,0.669750683297222,0.582389853290264,0.206432412882971,-0.680298715282406,-0.228487197403294,0.218673667948361
0.725098159967965,-1.63685712229969,2.38088391605084,1.37607097875505,0.0603830287737462,0.152196596864222,-0.491218850407712,-1.45890968759364,-0.112028329419212,0.90068636232709,-0.00364140803591106,-1.85847601067904,-1.10531783772202,-0.84648849316537,-0.76459920618493
-1.10620826683746,-1.20772959447539,-0.901969116960959,-0.419092908272389,-0.383889620587637,-0.795678912026307,-0.386985778570883,0.96451853505885,-0.175804297797551,-0.562645621178736,-0.380862432551192,0.423103657028882,0.373503602641367,-0.040208890201466,0.510787058110754
-0.251075213906531,0.255307942693639,0.73529515664671,-0.643663700231873,1.78802605015665,0.445202941818087,0.423678436282965,-0.0839161592325502,0.752424495479005,3.37073707071314,-0.284418855778283,0.140815932426291,-0.340223794303418,0.0528950285997842,0.929075978859779
-0.447412746988865,0.350143323137085,0.756831976725785,0.396265227433868,0.303045555184556,-0.132121099149455,-1.19005495656214,0.47617964440631,-0.856944157291083,-0.0928009067607503,-0.603108101544499,0.172568419090838,0.45063900189082,0.769258045047023,-0.267325335940142
0.179702506397162,0.507899628436507,-0.24397276108489,0.496897058809684,0.507394790053975,-0.547274462888663,0.789443954315793,-0.899735176456796,0.0703368573450175,-1.47304865101139,0.906611310582951,-0.0412117347051783,0.416107584776774,0.0924775028140882,1.79064629553087
1.1881469331778,1.1484489898278,1.73609712046374,1.7820272023112,1.16873983122899,-0.764704284308219,-0.394641549637937,-2.09944917663453,-0.183996608908123,-0.570979512184655,0.233625306591315,0.194302741093517,0.928095894543238,1.14539743033552,0.531695639105734
0.999421983246638,1.31001424955935,0.702591415030805,2.30595817357223,0.467273000475905,-0.0818522911807367,0.69076866346536,0.42285025867187,1.76196575611923,-0.253026513119477,0.690133488132065,0.126036560345704,2.62918963152828,0.592112263881141,0.497095980107533
-0.704599567059449,0.00652594255867604,-0.708531173187049,-0.692185090803224,-0.291448992371106,-1.17588167970498,-2.01521092727634,-1.63036608737365,-1.91441989779381,0.325283645929683,-1.06836199755193,-0.0981867666378954,-0.0204845728357393,-0.572155702575033,0.401321327758289
0.270246475211063,1.20778461910138,0.379939509662558,0.12403173055531,-0.172448396567776,1.42326398610852,2.11719862932538,1.36157760101857,1.4929693974124,0.812777815230934,1.74786490461223,2.07296114569282,2.11436998675916,0.595980801254498,1.33866162184551
-1.80503290523723,-0.199102756828253,-2.41819601269067,-0.721243859068561,-0.146014250296943,-0.611740778455164,-1.17078280815131,-0.600395855151251,-0.477208269770278,-1.28997783480833,-1.24226072990978,0.582660113383646,-0.358552991426727,-1.45665186284494,0.232656949201564
-0.780244536636572,-0.287252200118638,-1.36979999552529,-0.564357428549396,-0.363883872747903,-0.627735977579644,0.0792709732436738,0.424734399248844,1.00371955988952,0.333985805250482,-0.414183536982708,-0.220626643468864,0.389849783823689,0.361177030544312,-0.944921126158277
-0.931884417660365,0.0703752063192263,-1.01157047689539,-0.977110689918477,0.0387871350467738,-2.25687180693862,-0.865307078137261,-2.62222824003302,-1.98224460836267,-1.87161060354621,-1.31090383928695,-2.4011545480356,-1.40267418091419,-1.2017543056969,-1.36155026094279
-1.1155048646537,-0.987209095710104,-1.08631523056395,-0.830137785017924,-3.25744721674193,-2.26961414689534,-2.06346323673298,-0.641605577813274,-0.238823774307783,-1.53491518235592,-0.800754227085618,-1.40803694316595,-1.64721974255265,-1.86268582150332,-0.719916558458148
0.298992148596949,-0.524896169130909,-0.324821807725325,-1.29003767917654,0.441507604766398,-0.423588361372561,1.33380416119542,-0.211038799754978,-0.840050874671604,1.12860073036816,-1.13510337072689,-3.08665515047288,0.648894133585064,-0.825292065859703,-0.328756725548073
1.21351494977338,1.64585010445003,1.25226453560542,-0.297977791185867,-0.599462718929789,-0.271764716338786,-0.160418457673665,-1.65131952960138,1.14332824253188,-1.07378926018674,-1.60323522356078,-1.61869651139671,-1.30158383966533,-2.44780994618696,-1.27841954838972
1.01344060813513,-0.63437514186564,0.317931953080941,1.02601351885367,0.936875168910315,0.218417834942283,0.514529037758048,0.192545809155168,1.41533109710574,-0.424698925631207,0.579500862107417,0.0581053595782436,0.193549610859561,0.181904579812042,-0.29940291690693
0.295238322401625,0.852787027927122,0.415241242991706,-0.089866083403301,-0.0453042120939298,0.797280744881454,0.750115687643098,1.42943561197862,1.08058854461658,1.33077976842895,1.98880078340235,1.33171380876298,0.492540801116537,2.68768980887797,2.98017173440053
-1.56837746837822,-0.813688128346844,-0.877871327995051,-0.844296679816377,0.58772475814277,-0.346567074920305,-0.985704802252805,-1.30975170005159,-0.629401569139188,-1.67403779048454,-0.019782496770181,-0.159829889319475,-0.93119665170193,-0.951441872956317,0.705627446967259
0.118928680526521,-0.51840894868521,0.475383482749131,0.153243831849573,0.411187330547446,-0.812824755217252,-1.33969167495475,-0.947735802448351,-0.495118543614442,-1.74526736853698,-0.949414959373805,-0.411004804683121,-1.91376866894376,-0.446216973870954,-0.892734419902207
-1.52122090763189,0.429095966772998,-1.15226468288975,-0.891236729332153,-0.241275638125973,-0.848232646978334,-1.86798695321841,-0.972359505441685,-1.8790379179177,-0.18224611324701,-0.628030677929431,-1.89576213447715,0.595846274604573,-1.32428404810128,-0.118887307207286
0.598572320544081,-1.30357323873957,-0.346368632401373,0.520785042707387,-0.601418186247652,-0.361341307826264,-0.924546589788069,-0.346515704844591,1.0441152563055,0.0870526795491595,0.622749486119281,0.656347828810584,-0.912864275166016,1.50940873903712,-0.823988975289799
-1.07942577183744,-0.727718595139674,-1.47908803636904,-0.490316212775328,1.78766794654832,-1.24537393795474,-0.619820004097718,-2.05808448432284,-1.9250017664139,0.197272899441349,-0.916896557032283,-0.907828572515136,-0.541141474755448,-1.04858856395201,-0.810282887347834
-0.267278100831414,0.0803626093956585,0.0731102316938295,0.0869236708022626,-0.309525047515421,-0.606885842050575,0.14276290272052,-0.491999604331134,-1.45369089296707,0.527274349239966,0.809915232359401,-0.535711409902835,-0.0691441412612458,0.192863103129262,-1.46606270290015
-0.0570254728265283,0.954682907856041,-0.105762109397136,-0.447994748773011,0.253623816081542,-2.01199763367818,-1.78856395412055,-1.49992466719315,-2.61735431938998,-0.584143717247737,-0.863641013421847,-1.90471289261352,-0.609142277490039,0.736361709521069,-0.128064373108224
-1.49456279075867,-2.02306319603117,-1.02041960565463,-1.932751493761,-1.41291710101779,-0.491220429872298,0.0353969599865742,-0.0909516149608383,0.655412889156933,-0.659653409954916,-0.983796278322342,-1.83097032541541,-2.58045900262933,-0.612801842615102,1.81912940989309
2.73297822728273,0.682308678521179,1.14310958616503,1.22714297160672,0.593543174138235,0.347687113967855,1.12353037235869,1.36437342230536,-0.619576745860311,0.0325861351101907,1.11709905314701,1.05288795680325,0.550658809656457,-1.53025183710024,-1.58163133502727
0.652348752064685,-1.45890075819589,0.477145921994534,1.57737232164777,0.758138859928577,0.60257297555407,-0.877355501295491,-0.384315383915716,-1.0884375475654,-0.266386014128229,-0.808561321959557,-0.265818972421198,-0.162518263229895,-0.392712930014409,-1.86766142879162
0.489395567639501,0.942268390902425,1.11290118795181,1.65092891484305,0.539628437192086,-0.329988373403967,0.931258581516411,0.295912176342046,-1.5325494621003,-0.291340731684555,0.576455651620694,0.351853328906627,0.873568314486857,1.43108740795584,1.56464423924318
-0.749344548467258,-1.02926224067505,0.521337997663706,-0.13535934245889,-0.0977186510691119,0.57230693366692,-0.174635747819971,-0.500462400857316,-0.594756233161914,0.956450643225909,0.296992084335145,-0.0469922822830386,-1.25901296834881,-0.162265924401151,1.57209038196082
-1.7897184513477,-0.545379651977864,-0.846517767173516,-1.24285480136433,-0.41884588955332,-1.6904889938451,-1.16873548233987,-1.2318110988854,-1.33815617172999,-1.34090127225808,-0.552476498657405,-0.869500317386759,-0.698548689327941,-0.908307196926553,-0.760885583716543
-1.53189936221539,-0.196824614633876,-0.876598809320247,-0.905564414809916,1.57213740405477,-2.91652139666365,-2.72555184939485,-0.979685529727813,-1.60853394274202,-2.13542567502187,-1.52079717848214,-1.7173470170182,-1.23626758003743,-1.37892564516184,-0.954529635066303
0.654406522061336,-0.0159014647969739,0.409774757013567,0.504851933748342,0.820133313920707,0.653504295607217,0.586817992939077,0.742126008239261,0.597706567187803,0.548599529979355,1.79958658008725,0.577093571690619,1.26155494700158,0.670269342036143,2.19227698383986
1.55281213780873,1.2126522153736,0.443531498739795,-0.20259059064102,0.351787395299149,1.61085140216849,1.45943140318755,0.0890120086429608,0.737902598098311,0.437367748665513,0.99998786853682,2.3533710574212,1.44095095278331,0.843103258706258,1.29629509892883
1.6793950255158,0.509420559580297,0.223573302757404,-0.725416318397307,1.58522354793399,-0.782384883786625,0.221315559917485,-0.608595448973698,1.37306742905293,-0.18000753861362,-0.197694641910302,-1.25671226003341,0.398684790408508,-1.86581325234671,-1.52959461185056
-1.06357999582978,-0.572120383799497,-0.720160012679164,-1.48276618775639,-0.845966212260241,-0.808986851476225,-0.577813943479639,-1.06944213327832,-0.465746918551637,-1.05312758918493,0.0489639924349364,0.543318492127862,-0.304299376851352,0.00467794234306775,0.387980187534038
0.965314995133081,-0.313831331447135,-0.325437664020142,0.315061963705916,-0.117000026270299,0.334527618217804,-0.518206264902004,-0.220654449605703,-0.258586227800571,0.320278145996452,-0.288036394513341,-0.131379187022194,-1.16301278369575,-1.59728366756508,-0.374172765854919
0.0199542218605277,0.0382931224905017,-2.45708513286608,-0.228539674040807,2.01898469844332,0.539662783326817,0.192966678193006,-0.491479210967434,-0.328712456875048,-1.4021706216456,-0.421104002004819,-0.807496119788653,0.205833266408572,-1.11206531575154,0.0952198261621215
-0.615169199090221,1.32876003103535,-1.69287414414694,0.20936900052256,0.0533314406516878,2.04297206990721,1.69690707838147,1.13512999264156,0.535227855895932,1.07461924769525,0.719106940488191,0.653754378968974,-0.710409098318624,1.58444806606914,0.448934642541266
0.846561955145731,0.563033681592056,-0.00355557979271723,0.200968250079245,1.27623494891457,-0.91236108333322,-0.146402099742808,-1.00085161943689,-0.153246490928678,0.0786856451477511,0.910639350341633,-0.890724893400522,1.30418432243942,0.66422164704105,-0.34595307075062
0.0402216429177565,-0.131057941461729,-1.3877319730465,0.602411140888407,0.481621658710208,1.47904826790414,1.08487224161032,1.50981188955,0.950860643673692,1.54128371759426,1.25021961024681,1.66758934029008,-0.74030439369789,0.854617806967153,1.96201331040595
-0.0969494491501553,-0.263982454870902,0.572528142527874,0.229680244165602,-1.09475610810049,0.384266975503201,-1.14302187154313,-0.653885720037429,0.373046423912401,-0.229551449933472,0.50018666372786,-0.434374631020955,0.688268530947225,0.994625456774467,-0.46618701493063
1.16094639880686,1.7668839542383,1.11186825055831,1.45061636981818,-0.54486843905388,0.625239578368663,0.625119908348597,-0.125958382245886,1.31055496862696,-0.61178565226491,1.06264054607428,1.38844645284582,-1.22792177616742,1.75012892305742,-2.66590178900928
-1.45009020658503,-1.42965924909,-1.59344999245326,-2.90146082416658,0.316551299845829,0.135436350436521,-0.0409166993288784,0.111375337029151,-0.450981896094323,1.25021389128725,-1.01809623479863,-0.190438139040288,-0.85481987107883,-1.96322467534261,0.814314957599617
2.19343976653163,2.03464465556132,1.83307979630711,1.18288509272976,1.64118852730109,-0.0137936557075953,0.903450465437947,0.0197207403159624,0.306931841716791,2.07418471579215,0.408655633348914,0.842902073939127,1.65812762820932,-0.548191464043767,1.1318512667647
0.597485627880491,-0.16767286811214,0.0886239766158937,1.21795650129476,0.516923305787901,0.0538294558251529,-0.952849012037978,-1.0975565207094,-0.561864082179087,0.636752572126378,0.913414040691858,-0.594692528045428,-0.64906756293384,-0.297049415917656,-1.79965227551515
2.0666250487542,0.198685875545787,1.40384337460361,0.168037819437717,0.0548730171645366,-0.56090046442232,-0.466731547065844,0.181824025500656,-0.860871699416734,1.22886088642247,1.20081315984822,0.348397161142862,0.487593621628586,-1.24734942875166,0.774523562292496
-0.429202525006292,-0.764627458075684,1.43220590429123,0.392051716625118,-0.198246612077871,-1.5566418325657,-0.805616740852029,-1.69355355098078,1.35815003552784,-1.60393846539846,-0.845902257577634,-1.06979927190018,-1.23446776206079,-0.0857374360159918,-0.281307689494375
-1.05542903355549,-0.418167543630638,0.680949721011832,-0.942781818971396,0.95080639736177,0.336948488170698,-1.24675527931945,-0.359889742022582,0.393125552978642,-0.27795630102467,0.536520831844849,-0.995426269781291,-0.162407785428025,-0.0605073628126698,0.594048148799701
0.384308187052591,0.478914140380563,0.441809685827863,0.532830218455785,0.107695388585172,0.717497696092643,-1.48625290563641,1.20570355515879,-0.264855876390612,1.082133907421,0.899782940913638,0.72638441228417,-1.12857821002478,-0.706513762096723,-0.647467478911131
-1.88197095499302,-2.09206221356169,-2.2151641621872,-2.18735275674317,-0.0542008283211748,-0.222949742415165,-0.143135079405224,-0.394421218746224,0.908312511315803,-0.608362695980154,-1.64439591555179,-1.12684242360878,-2.19140561028974,-0.511621907321792,-0.172676207715931
0.138563830666686,0.925579748306453,-0.485307999837412,-0.521425161164579,0.138130055973106,-0.618264673211545,0.156012473543212,-0.372330052422819,0.329966731540163,0.319871667283793,-1.00217367008667,-0.0851172127575213,-0.888041191727881,-0.221651132721754,-0.0687654417117314
1.10729042873874,-0.447215054416963,1.96616481946565,-0.161319107775654,1.27780949843202,0.606248461717184,1.48595075948244,1.37307779113249,1.11787572274167,-0.526756764813449,-0.125966592834529,0.42823690125742,0.746855361986414,-0.144773689899304,-0.817503488090343
-0.288867922127007,-1.15458350345532,-0.0306659532379668,-1.03263552457751,-0.513536728275952,0.510999870770178,-0.639312158496708,1.01067145236868,-1.33172919398363,0.164324905979904,-0.917515149552246,1.28316030361112,0.4565054068007,-0.63792690715908,1.11198192247903
-1.56719934516561,-0.12452060084349,-0.401066203617548,-0.605612936353296,-0.789883407450348,-1.32154007650834,-1.29022581584924,0.520531129643304,0.2945607495319,-0.742570957089833,-1.24569178599382,-0.604946739902667,0.528349266594995,-0.795224017164499,-0.12616662379389
1.28034257158574,0.221209780208559,0.669791996890203,2.36996148165278,-0.648894462851384,1.71930515624489,0.976079077423325,1.40874765100492,-0.433467199630588,0.0782406527078337,1.12634488222194,0.80846515048612,0.751662309588321,1.62799043318217,0.0165804641322569
0.344166623711997,0.565174912357276,1.05826430692629,-0.0500340938913386,1.38288441036437,0.247070070157429,-1.1502008360119,-0.568186655509821,0.934945035055569,0.343503288647316,2.31532975457445,1.21255593090188,0.628316910788295,-0.31891164664762,1.28377136104487
-0.345427587811931,-1.24947447436312,-1.86080926347413,-2.14735195506642,-0.989931645260362,-0.0701240073952057,0.432156421262128,-0.316414407717934,-0.268324373408211,0.737480753814663,-0.786114604000916,-0.197873571563516,1.00861445918399,0.54926469463027,1.00013126244892
-2.2026582120752,-1.21061227100843,-1.01327242339133,-0.288896079925391,-1.70558401113005,-1.35309640576845,-0.683157602972771,-1.7445793330755,-0.402977248838678,-0.128164827836221,-1.66928992465893,-1.31388107343643,-1.33946503299901,0.0814058402806545,-0.960949149213948
0.209516954429646,0.0483733634819538,0.605900340529722,-0.856552552677835,-1.51501529602598,0.620928049040479,-1.19480189784389,0.782571019972943,0.826557476446418,0.0529517063642469,1.57636150162602,1.86451600230707,-0.118153277398855,0.543486321713571,2.80297998557689
-1.19011836528346,1.15863723238523,-1.34457770208486,-0.236632701992216,-1.55388968107793,-2.29586772244407,-1.50426483986799,-3.0611605119179,-1.10628544335432,0.545499321298025,-2.35640114591248,-2.58017034765363,-2.11410637494257,-2.39364050769889,-1.44040974890893
-1.01907365233474,-1.06529746074354,0.276125132104355,-0.624471495385881,0.214936298630875,-0.115734444437404,0.422918104821005,1.20958527649539,0.947718424251956,-0.0434709279975209,0.255152180338548,0.539644762363706,-0.633358043310676,0.870009415006242,1.3264034411978
-2.7364633284138,-0.987536712755434,-1.23515627522446,-1.31970179590351,-0.94596440794588,-1.67153049602915,-2.2034340700415,-0.893661895680972,-0.950604746954691,0.607376900495742,-1.88962493517813,-1.55779885603138,-0.430795317401249,-0.0831774770800895,0.312494635473343
-0.579815946312869,0.176479437315832,1.14123249604816,-0.287544009862933,0.309227203745174,-0.0485924115979202,-0.00815401222934874,-1.60596470594304,-0.354110463105311,0.0113921576052883,-1.0717837912012,0.0798407464499344,0.411220690467421,0.431731730064222,0.0522148786049119
2.40006634956684,0.141627008610735,1.01701185288057,2.31330609245413,-0.645527654805544,1.58029171148497,1.28981033298218,0.294961727765363,0.460740425001174,-0.124825096964281,0.79321769778446,0.708298704034563,0.401076544666034,1.51280048481286,-0.0257776185841714
-0.188699290319512,-0.761198338431788,-1.73395335934619,-0.317399633890492,1.21591958387705,0.0858178451491937,-0.369319615961807,-0.514232010032035,-0.586174618643864,-0.955524922474534,-0.156354437671828,0.419090116989892,-1.75543303791067,0.348574417073661,-0.309001652753769
-0.705387940908842,-0.292663515861424,-0.296612138790954,-0.40581864901053,1.12851546362044,-0.444627833224416,0.11831728393622,-0.141209353068207,-1.02646351182637,-1.19480260761691,-0.508574095781616,0.809583940696106,0.460176358287762,-0.755517087633505,1.06852958148954
-2.32903130693963,-2.83620843844088,-2.38846046529878,-1.3163067974945,-1.52767892296262,-0.244702039382203,-0.540607843931727,0.25292520115749,-0.959824280277407,0.685271478704137,-1.59714838908074,-0.667059474976177,-0.61455113357181,-0.363077410896795,-0.900295102641683
-0.0787264293234445,0.795481338500388,-1.1133491496939,0.681126076886747,1.49985637318234,0.601474644388628,1.12261158922998,0.816896777707046,0.210651037234258,-1.73531730681787,1.25269402188296,1.238009852163,0.162057273647605,-0.282698644558549,0.119058184890804
0.809783370446401,0.00914300853707221,-0.0872395159921416,-1.06453179576816,-1.09017061089395,1.6392627809991,1.60191583037181,2.40120237153356,0.914454308129939,0.449858769156339,0.840909249542743,1.26054095168796,-0.15792635942186,1.75205524639807,1.81649105685901
0.192285276028416,0.00467197284123174,0.856739857616381,-0.0885528209250433,-0.573928423738598,0.604025085843194,0.314249579426532,0.917167920048608,1.46961745554514,0.058908088405932,-0.724907660776436,-0.244829910175496,-0.243952632110217,1.34603003523167,0.31405190880228
0.678885544575905,-0.133231226211842,0.477599687103284,0.869406346695024,-0.181364511872261,0.906044839982557,1.33042163068526,0.491370886015028,0.580709565820266,0.260060870529717,1.06437955408931,1.23880800876061,1.11864373245522,0.577324867588394,1.25470024834494
-1.00916597491846,-0.597684155039724,-0.587205957612202,-0.655071502783704,-1.47460442601785,-0.333535936080758,-0.444517959053118,-0.511153730925679,0.416225294772105,-0.595077152147621,1.01465175681493,1.39365642847258,-0.397528944731844,1.92875133343748,1.48815697324076
-1.76243138364231,-1.53891144611771,-0.315726855723452,-0.0596705859530912,0.495161738786237,-0.639860572635781,0.385146069693331,-0.711988707538784,0.475779119556247,1.37574042136624,-0.881151649593335,-0.872848158663088,-0.157369604163778,-1.72053955255589,-0.591689580975007
1.37967138499314,-0.378489844161752,1.30912642349771,-0.304684578031362,0.40712460755331,0.342584040617208,1.32977485555115,0.105721893971162,-0.878634739769618,0.645062070294402,0.390605931180155,-0.369609062567133,-0.55230989606205,0.11587045206873,-1.33393944509071
-0.939044983358314,-1.55499429354619,-0.730909806721474,0.451501953014666,-0.540703152558342,0.386921156982357,-0.541837603571529,0.115650812425829,0.182833492597257,1.0833823139997,-1.33389365028598,-1.63723124869076,-0.924232351050412,-1.23073987089723,-1.70401409691734
-0.0804387518720366,-1.64070524374536,0.0346411763305522,0.250775853759463,0.456343025339175,1.60829419458822,0.266951000913665,0.00489295358685093,-0.14710666311132,1.57392290785464,0.319449501895264,0.147292537858749,-0.351981255484307,1.27631853849925,0.338813264040023
1.4520932413584,1.12777704900322,-0.127718438425083,1.0913501065982,0.478953477120389,0.466914984727603,0.717378756366452,0.624791483703674,1.99061898504059,-0.129211989453191,1.51481397655067,1.66790014939576,0.0529931144530517,0.598799095819004,2.36160175959666
-0.185291179078254,0.54037806514232,0.198000769091758,-0.226960239019006,-1.75657004994268,0.883302082170405,0.524819127055606,0.604944960902604,-0.206756341608108,0.40876874161789,0.733620604608346,0.227364215340503,1.50189782694932,0.631537920520628,0.220987468127755
-0.631472442661896,-0.1469858684754,1.05490558520678,-0.347664139424786,-0.472183862999324,0.000954585320348422,1.65703256518898,1.07618738107586,1.6980933599588,0.302930534185661,1.01748436482881,0.486517153115157,0.806335762957145,0.897982520331105,-1.47688464182419
0.418790185710286,0.919011746913634,-0.520723915808345,-0.603230528379656,-1.19939523386447,-0.772054585800958,0.600809289993855,-0.271511741654871,0.582359650926066,-0.422840327887515,0.477324748276432,-0.706576717751393,-0.811535865228678,0.712662799654143,-1.22404375988468
0.0854765262627095,0.133051014648778,0.751524871672602,-0.537872751864401,0.544438497986721,-0.360901244425506,-0.9817316742607,-0.221566925250324,0.724691878023878,0.670307412631819,0.152181346489715,0.957781945736555,1.23563127249995,-0.307238557404544,-0.972872564113855
-0.918551201974265,-0.361160565175726,-0.665458181201331,0.889441418759799,-1.4205853418075,0.190039363284845,0.0523475608108948,-0.970858234723388,-0.230655662255151,1.42920981761074,1.41503363042943,0.745050906391156,1.71591829876466,0.779805505681829,0.0431708370760167
0.887763457392122,-0.0166393076574032,1.54638863589602,0.624147098498117,-0.290291057340792,-0.506517425546516,-1.02599476660059,-0.583192963871099,0.361738163800503,-0.632290703855441,1.34238892708488,1.56080199320198,1.19231036500977,1.30379481394064,0.27531899990699
-1.35277130482594,-1.26916367202146,-0.37998182768597,-1.7912502032807,-0.622962009539352,-1.05853797544596,-0.910113902496364,-2.05844783125253,-1.37246540179743,-0.782550815373179,-1.28620841038073,-1.31639270096821,-2.32357657894597,0.0306277464223167,-1.32648003116524
0.436524255380328,0.133141196791259,0.634671317905277,-0.916830730949381,-1.5213475182048,1.73793551461807,1.50228622159765,1.38884475378431,0.724072497941396,0.0970826951168741,0.273797685893075,1.04241727870213,-0.352689865643256,0.7262964328513,-0.430382751230905
1.02505323975678,1.62875320143516,1.20715439611289,0.522150268875057,0.559265145611329,1.15125006646285,0.525685426799934,-0.205704468756463,-0.0220868601791294,0.125093711658735,0.462684029633146,0.402661648046979,-0.0356285801590318,0.214934238652074,0.408475184942508
-0.436904847578743,-0.314225289650026,-0.288705023350258,-0.219909323748871,0.173219045186811,-0.238987104143945,0.0385522408154237,-0.705432382547542,-1.30064388579479,1.1731013834478,-1.29615490125435,-1.06452174072404,0.203524071789065,-0.377380147281799,0.142854114316202
0.949076942640584,2.89309310788324,-0.329759644303032,0.522695439994972,0.328177201215034,-0.547637468765997,-0.455221896552386,-1.38718418894579,-1.34249356748921,-0.485183979780937,0.23774516726816,-1.07025302956923,0.383140586072927,-0.0949097385912157,-1.01949921599912
-1.30431793264186,-1.65748899572047,-0.570683712374724,0.914134673472012,-0.648840418198954,-0.352183576701874,0.633722505601284,-0.411170056928456,-0.325500170791292,-0.45585201843722,-1.6375058203098,-1.21172274897481,-0.839784219922117,-1.1504224761002,-0.146465054326674
0.0919860998063911,0.320325044016726,-0.884108401123606,-0.563178696944595,1.41079773806705,1.04290345151571,0.835902253651282,0.335675840430225,0.994953867537708,-0.879164349002899,0.617537984100654,1.89839319217212,0.698493465640018,1.40154658050958,1.55216352108971
0.312968893079404,0.955825150642209,-1.36767224741908,0.231154933235885,1.73027668207847,0.248473264427524,0.347002863689384,0.17002627278155,0.0314283264017852,0.658756193797456,-1.06021060510965,-0.152503247431766,-0.17142968399372,0.396589162852148,-0.64431010542462
-0.640569734100932,-1.40334210173056,-1.2854845751732,-2.12771627426117,-1.23691270822738,-1.06990945930084,-0.226256038258146,-0.418509323179499,1.54583382306969,-0.943990443082618,-0.775880074727504,-1.23527144527242,-1.80303203429602,0.304487879781682,0.437534476651491
-1.32357537794083,0.0689037268596841,-0.848950393097274,-1.25233805865564,-1.6275546935609,-0.984772740775009,-0.663311414651426,-0.920696678199188,-0.19513804811655,-1.26912899783006,-2.38622511164396,-2.50980612316707,-1.70675807837674,-0.963282556964208,0.0454257736629814
1.24076199111042,1.63161076157179,0.610292409010987,1.02290767951775,-0.307353899833646,-0.171104081144032,-0.392909645528119,-0.244725486071166,-0.611721684937456,-0.524687317224713,0.678553797249322,-0.017364826831279,1.26275048783225,-0.603598337232192,-0.366321025860154
-0.980907136290586,-1.16994427120421,-0.392420822895262,-2.08355333825808,0.429644011413532,-1.56693762220729,-1.71392765826897,-0.930501759187117,-0.732102564213828,-0.00083113854011484,-1.79914180026336,-1.37382396119565,-0.317546728962865,-0.764572429207202,-0.914981119863805
2.4987121597789,1.64189439305954,0.953911257382077,2.89992373192005,2.06038314472637,0.61517108564978,1.02954266097906,0.49292867647093,1.93335107943504,-0.0412359455601096,0.831111846719418,0.308606751178343,0.58562258307318,0.390341887786684,0.286367241345995
-0.959223351068201,-0.911006243759933,-1.94679501965571,-0.530611775494807,-0.969872362218873,-2.70076929835262,-1.92057808219659,-1.41674539731912,-2.60356830342983,-1.23122103050682,-0.364726921670525,-0.137008118287276,0.361837840194155,-1.47999072421856,-1.49345755635431
-0.742553140716211,0.656156618598046,0.161665013689648,-0.789253396916775,0.58487377446114,0.707151595323644,-0.435244023866141,0.387639982017317,-0.0998401421600614,-0.0511999910791273,1.37287556317288,0.271757701415311,0.197630990264906,1.20101611926271,0.511923905750394
-0.764160133358398,-0.744607923803776,-0.272249144294175,-0.610788389651151,-0.303365038781573,-1.9388435048158,-1.33161834604608,-0.316661120882028,0.172198084794595,-1.21323420772248,-1.59130644512668,-1.44722213938169,-1.95834366674656,-1.80167084607979,-1.19662089192274
0.44800634190059,-0.501333774781926,-1.4643645561748,-0.981988993496325,-0.152283610226945,-1.57204867510153,-0.704135430146416,0.43921575246317,-1.17492435680139,-0.550295357486037,0.247334803916212,-1.04778577878068,-0.228127136850091,-1.08772386415846,-0.509442372336468
-2.63924010959765,-0.726012893942556,-0.651704337951329,-1.8768166060659,-1.74980020455677,-1.94460867727301,-1.2957814334329,-0.693828150828331,-0.863196387775083,-1.5518174522712,-0.944356292801319,-0.879937082656728,-0.290565664563047,-0.455666993202117,-1.15280308754522
0.0824402411006407,0.461470729462426,-0.463793353135969,0.100763962832968,0.826603076678239,-0.285113712352089,-0.0480855698925788,-0.320565353283162,0.436187001072338,-1.08888729449339,0.0596445618911379,-0.498050442806031,-0.316702076765968,-0.447355242723565,0.11232462541475
0.0785188326026089,0.84909447551805,0.218227855876872,-0.288610391957,0.245406909339209,-0.05716978204418,-0.332504236196401,-0.0480455162162989,0.752342351875004,0.782192256897854,-0.251431457200348,0.138175596432092,0.0980193762124121,-0.37478781409797,0.17882582794776
0.0455012480080984,-1.25488181932703,0.280223832054695,-1.418273767017,0.182124309052464,-0.510498697000815,-1.69025937428151,-0.0978794444825577,-0.347561375799475,-1.49450939743989,-0.685173322963387,0.0144172117605048,-0.658465006396304,-1.9160343019456,-1.452649063255
-1.75174758148567,-1.27933633910645,-1.81848196739316,-1.00634853062483,-0.956405574225187,-1.53222525797848,-2.31466767801447,-1.26014915689453,-0.0731382639064171,-1.0560978928136,-0.495387158293956,0.240015051556068,1.01635082526793,-1.37055672659827,-0.212838056805468
0.647259569820748,-0.750189720070823,0.0800228948888319,-0.0902760911370938,-0.937870118498593,0.217510328552158,0.454693249486599,0.342832829331518,0.534682288906064,2.20345581403575,1.28142943241718,0.11994965078125,0.546097588923007,0.196794283291496,1.15938179359318
1.84563019786541,0.399194461883938,0.909464870452452,0.460650918280378,-0.84785367161599,1.55132876355076,2.12144300316436,1.35130879617766,1.63628773718653,0.456896418334759,0.628603499174179,0.283107078573951,-0.104248682290739,-0.280254809046472,-0.489178753484338
1.58566900830466,0.0800489604181645,1.35755831635517,1.53774970252429,0.421215700923106,1.17044231331031,1.17963233186822,-0.204621270742493,1.28738476267802,0.212172160063126,1.81690034672739,1.13202407446434,2.24096612260045,-0.522646984666102,1.96678384325914
0.320062022020208,-0.253807816358329,0.0515417918953455,-0.5777420661972,1.22381229430002,1.06353869251768,1.66896393441125,1.42604279713136,0.731264239106241,0.467895288286311,1.27528871405132,1.50491905104858,0.508586221110423,0.455581515206435,1.32689800512748
-0.351581884413125,-0.10502209050189,-0.727965773578482,0.106312396748834,0.86367100145279,-0.20755044722237,-1.13793204392887,1.01791562721301,0.353988503888952,-0.171171496289898,0.0190833664133299,0.417231140902474,-0.726856175802608,-0.899231851699473,-0.344002044625483
0.485940049998274,1.40834698500264,0.826756054323187,0.0415086010642317,1.48607073895779,-0.387184118763173,0.790800659401595,-0.00265611916462716,0.757567186242636,0.942149759483966,0.994841802673926,0.28895064449048,-1.23596695285625,1.06973092100366,-0.659039346320809
0.672976820604365,-0.50743393194861,-0.960576364222092,0.185029347567991,-0.457727584458351,-0.252706953216963,-0.391356052417254,-0.0673808370971928,-0.469656635479978,-1.79413628014313,0.723991135849153,1.28697275568997,1.4639982577321,0.596765390298516,-0.167410335245728
-1.05924727156476,-1.03882675883912,0.124743496738956,-1.31765232319065,-0.125914429319238,-0.276644800542329,-0.943707809613572,-0.109544211852263,-1.96041351883942,1.58773002253698,-1.67662148141989,-0.336680052170768,-1.10200521227973,-1.33363030767009,-1.4589167277379
-0.425721146000671,-0.0777894372172502,-2.26434955840508,-1.19513871078732,1.9341571030872,0.747796271951467,-1.08777065157257,0.490177841451528,-0.0732018896897806,0.241275162916946,0.0142262885176756,-0.398737970757769,0.000308595884199698,-0.45277183402839,0.728636057524711
-1.18315112766391,-1.51225439842699,-0.60427062123136,-0.371259061023701,1.30752150246048,-0.0804695935922771,-1.536366466592,-0.110883987294709,-1.4770179390539,-0.770817323617538,-0.631304043486309,-0.579946153540065,0.471868795066574,-1.18467540971778,1.99295514036713
-0.621437405824647,-1.43091170923294,-2.34104181814491,-0.412527822981163,-0.983320184539326,-0.456146091910036,-1.18830844064261,-0.453917175982126,-0.858830272012984,0.253882953358527,-0.438721762472295,-0.733832043230976,-0.00614925530580772,0.115399624683836,1.72619388450286
1.71847623506394,1.55002612114573,1.26060723823838,-0.434291458251492,-0.316159888953689,1.7034875239748,0.789997219231632,1.5796259813037,0.697197781541036,-0.297734655081654,1.38670111473894,1.60295573475825,2.17237036933769,1.95242892840958,0.901118357492896
-2.14058084087315,-2.17551523048855,-2.16724576299435,-2.68112773259881,-2.59403089581878,-2.64340502675422,-2.06407084483873,-1.17810402532735,-1.99496822968373,-2.80882472038305,-0.851200256220169,-1.32744195496213,-1.10560579017446,-2.19334754781041,-1.01949538434364
0.742006768432498,0.178629276895414,0.393588688203976,0.374458081236141,-0.876397545228128,-0.927294209374837,-0.633916381083062,-0.172701642666691,1.11844908981723,-0.541227230078755,1.8615638670651,1.10937087214458,0.595743247912127,0.903510940388698,0.500365353314633
0.675432004842489,0.567835595114599,0.729229647914619,-1.44216812593462,-0.293605078192107,1.32981408760472,0.356733901122039,0.186206657678188,-1.1660756906415,-1.38177139059148,-0.500009059999993,0.458031767796926,-0.499453604867669,1.69934237242985,1.08803937878576
-1.43966062018946,0.24738673473612,-1.31158039834236,-1.54349936854007,0.352227253995449,-0.466013294138421,-1.51343969842702,0.027024813541088,-0.910732070432379,0.124065203629978,-0.284646961153144,-0.227688181177521,-0.227509157443709,-1.57146342005691,0.782455052794958
1.11804259913735,0.416474068345899,-0.30573258739112,-0.390669918739494,0.683763898505018,0.623990284453037,-0.370693877345372,-0.335836398918897,-1.02987355534214,-0.308670395853171,1.19728660916715,-0.152523159051255,1.75882857515454,0.6033456534136,0.608440880852214
-1.35372229890515,-1.4422668071526,-0.734201204830925,0.471079229245652,-1.58673077096609,0.705377576952641,0.630637872717892,-1.27575197619823,-0.832845763185962,-0.333339736183953,-0.378761583412159,-0.805503547560192,0.656173482949189,1.68904852241716,-0.0164425788022128
0.50727767796572,0.180130104665976,-1.20621123222643,-0.46218029943836,-0.452758133989163,-0.751406663477906,-0.100500237361673,-0.651683485135176,-0.237219379252301,-0.311087933530349,0.0680461481585685,0.00383658144879884,0.615001211778045,0.150931472542584,-1.95172576124241
1.57314039179368,1.41482385649984,1.15892359037704,0.983422634178929,-0.185901339459524,1.16080637534916,0.789553408539191,1.98674061531172,1.4732250978821,1.31561622149268,2.13254731999539,1.97855990152891,1.20842046588386,1.13401749834283,1.46221205547908
0.630609245855145,-0.297143525190452,0.517486483549352,1.07611314553163,0.623199151630058,-0.204865041342832,0.262717227804638,0.663892189973362,0.78525811048699,0.505813209013031,-1.19371965071639,-0.323012641631441,-0.941263777478795,0.696628965308571,-1.23531966052958
-0.904883682033038,-0.907497979298947,0.707149373670097,-0.287115054605536,-0.434884010341271,-1.05216092762199,0.91138704396805,0.228494585065747,0.237548743242238,0.810412026876865,-0.327328582459024,-0.753205340115867,-0.598945275954871,-0.555241144449236,-0.145668386533153
-0.667587428862251,0.00263793682245113,-0.0608856533850091,-1.03283860073695,0.874105773534994,-1.21453652416457,-0.710452298724726,-1.04238093111514,-1.32139269086744,-1.46010613654199,-0.411065698276421,-0.903431086617088,-0.24481758962303,-1.30083937404855,-1.55816232871851
-0.83648544685766,-1.77823829794489,-1.11670720549215,-0.528286063892332,-1.51968267361051,0.0172833503002001,-0.0277110882321918,0.00880178811667565,-0.100033612707885,-0.127511907129122,-0.66797997657385,0.0722060949300748,-0.2960403722081,-0.154013506467276,-0.769314684905752
-0.198296657269696,-0.854642409800312,0.94565274791955,0.672198962024765,-0.256611833204061,0.265438019473486,-0.429162416647139,-0.0865698167340417,-0.872535578985085,-0.789406842108265,-1.32240794563934,-1.32153115894498,-0.189501920387491,-0.365926909570094,-2.76895950334219
-0.0725522859117209,0.729132241604151,-0.874591015788133,-0.59785391948481,0.0122376231144087,0.780518990854931,0.472210369808364,0.175091367938398,0.908299804052483,1.69640504178855,0.560759627842634,0.754952024352684,0.0183399519424392,-0.234955210011896,0.84758607542721
0.558053146157841,-0.0699731709280886,-1.36651105817307,0.0819652757625402,-0.719026679546208,0.608565587978294,1.12991350861698,0.435448037600182,0.694559271897791,0.989338014882456,0.213349171384874,0.541548249465321,-0.238893431784956,0.378687085324061,1.34034153562972
1.47342459320541,0.95308330828458,1.46489772662682,0.919723869213101,0.000361624982991492,1.38734945234181,1.3153374803259,0.625119565971608,1.68410233672422,1.24907935732501,1.31234258913393,0.845846641706099,0.352587144196084,-0.437833897122451,1.8238690112725
0.140377770388571,1.09966030490938,0.596921943269997,0.0846880691584104,1.64503100275826,1.02430702901394,0.512456673182036,2.31364862171501,1.45587583949886,1.43979946727641,0.692381947997826,1.39159578240222,2.25248076967487,2.17586544378402,0.509242372622058
0.0746266282423949,0.668125209165951,1.1676772857182,0.417382901733865,0.207753186530263,0.686644195668072,0.805545016082449,1.28430893724956,1.58194672063153,-0.0522732828425477,1.69681993926955,1.56028038463834,2.19620409219416,1.51574927087752,1.74672040792657
-0.883251392157822,-1.56140059775006,-0.769778541404616,0.252184967063361,-1.31801067079056,-0.70180785826312,-0.762513320290287,-0.6571232489159,-1.64280949209698,-0.113450644918178,-0.389307332454265,-0.730068868823542,-0.306333810176461,0.36424927390326,0.890714514894834
-0.464081904432559,-0.628482286919867,-0.958463374581406,0.655221929716041,-0.189643655969081,1.40765515922975,-0.14155057000695,0.295502679549615,0.483613021894178,0.685737312186509,-0.879654797993713,0.351469575751975,0.505849183628674,-0.53040388466427,1.19877848363787
0.934238533504837,1.62460703152829,2.23224052035613,0.271234128023093,-0.98855981609285,1.08186663077048,0.56340344910248,1.38279611320439,0.345642812198381,-0.570384870706989,2.00067707664516,1.50827399505759,1.82761446263889,1.39825455259931,0.311705740974999
1.64328012759302,0.856586682201142,-0.805767453227052,0.0952472069330129,-0.0461812354949231,-0.219054826913138,-0.665088434116283,0.307529244241779,-0.882589951402925,1.52785055202308,-0.439682684738821,0.183671298779468,0.83590089561612,-0.786201918075952,-0.153976176235972
-0.26462990233103,0.913103546879576,0.568927470875723,-0.477225770123637,-0.373724632620843,-0.61850778503625,-0.632033202486265,-0.843958267065935,0.85753457543033,1.8701263325213,0.347258796388467,-0.33463706538675,-0.569959753185238,-1.41210717272262,-0.645100965764987
-1.879637344111,-0.669287130951648,-0.734551662612848,-1.32561781576975,-1.68125192061201,-0.71213646076801,-0.848472479779719,0.487713829759227,1.0655636241724,-0.627964389641239,0.437363410936033,0.092104539245276,0.287014042170499,1.44771191676158,1.63647890734504
-0.692889991759069,-0.0648802381853326,0.0979873798855362,0.391595655525906,-0.768592427614591,-0.607278604641456,-1.20401798433249,-0.265183896819431,-0.709151274408609,0.171189690356629,-0.632844534680738,0.390327464501404,1.09354794850457,1.17171637203526,0.38730965684785
0.596743697534949,-0.289985633052509,1.24122353841858,0.525951012170379,-0.459109671220157,-0.465267837035496,-0.672677046007675,-0.0976530644623887,-1.8366996722005,1.07122238418435,-0.151016241402175,-0.96226493733826,-1.21210491849521,-0.245967873973189,0.25046381541888
0.730166230523583,0.800889534039158,-0.0230111927300327,0.99296733983967,1.45151146036138,-0.82640398401103,-0.950186130530904,-1.21395675710627,-0.353545015749143,-0.231838236717173,0.169137453340819,-1.02188499886406,2.35652694365737,0.973275084156544,-0.258445008285052
-1.17040646712906,-1.25425264203138,-1.60520570992656,-1.46669307243463,0.853819769742658,1.18472241600491,1.06653897120641,-0.349087082269914,1.83363502919422,-0.475790128973847,0.782294092983857,-0.41090827798452,0.259263919797747,-0.561437600008904,-0.0806324952379521
-3.0702237894017,-3.05293015724078,-2.54355640948777,-2.53514150020066,-2.11817433140245,-1.68272218836785,-2.15792342805436,-1.70839619254323,-2.5791021803251,-0.886836891592428,-1.44771182998948,-1.13645391967912,-0.93611625357111,-0.852181048105657,-1.24878089866379
1.53485806597055,1.12130346624648,0.369524978497552,1.0363088406294,0.786753090507468,0.0837413466987811,1.23528386761942,0.589574379663203,1.03010021297962,1.13273416207167,1.73121286111858,0.600693367390037,1.7034758188804,1.78962512207256,1.242710982926
0.846771039116953,-0.952793972162156,0.407642802345753,0.00929442973611069,-0.366667604995708,-0.652203292123213,-0.260570961588494,1.14933372069304,-0.358264792387547,0.636310726637571,0.193238286182782,0.316398306754728,-0.444010527686398,-1.63895819893219,0.543041133916769
-2.21766297212624,-1.43811602493947,-2.87028180504951,-2.2845969585955,-1.31685137580875,-0.969897639608884,-1.55735275553652,-1.03882107955576,-0.609886538829851,-1.25542620723881,-2.10045013473216,-1.68947194912788,-1.01318057720046,-1.54470210302198,-0.154024784522158
-1.41955388721848,-2.59974153844782,-1.00802465076893,-0.87025834927596,-0.488676343562611,0.305151958038158,-0.0888012691959715,0.692119980832866,-0.0898447796717326,1.37385373974651,0.107303164065226,-0.199895996035447,0.785693905547053,-0.0562973170111779,-0.65330344761844
1.2873920364666,0.237260175813321,1.04402003478517,0.318678179303472,-0.961254104203988,0.490667927333388,1.37341853550571,2.28190054265319,1.33188925383981,0.0269853200077921,0.176242446338663,-0.159347041074457,0.457452968052554,-0.0496652420297936,0.631537593126548
-1.16603216834513,-1.0170733068136,-0.686256208269972,-1.54543551174243,-1.20125909760131,0.326956310503528,-0.108558299640193,0.363741242995285,0.243940399176207,0.230801856004437,-0.829710460395018,0.127147461396442,-0.991775524378655,0.686953896539354,-0.162194223121533
-0.341750631814853,-1.36240831023484,0.329198988678818,-0.379817580170566,0.716725100899643,0.0299313052535518,0.45250601639144,0.772820075440975,-0.716596072771465,0.446715793227699,0.128842276759691,-0.699303441338208,0.400429436479218,-0.496052050948538,-1.45214839976941
0.258865094209832,-0.579728270822836,0.0807031043303082,0.0625112341599592,-0.657028693791029,1.22625168076335,0.0878514919822846,-0.280184844436041,-0.604938556430263,-0.317311365781781,0.380418454376041,1.04579371927553,0.405093066300353,0.435701090564454,-1.19445887903057
0.604922073952676,0.270769529651839,1.68474573089006,0.527630007599681,0.623317923891692,0.442705199795533,-0.879784587983557,0.501030986955178,2.22935307251848,0.398443650400409,-0.63215091275378,0.502695658156424,0.196572035815126,-0.18762187800632,0.0605319608020515
-0.0464658484654909,0.264992966030834,0.432134804981605,0.898111569249913,0.87375702314735,0.466191608111954,0.252251750813443,1.24761636930187,0.499498673409238,-0.361692448390152,1.91096880177216,2.28387058785671,2.31027239297361,1.13861820109408,2.12409668831934
-0.595342736579211,-0.499944644366723,-0.0724069168031562,0.924892883886901,-0.257363703895509,0.374159004529832,-0.0432490027242795,0.230729102797319,-0.196565417850043,-0.328898422309675,0.191359501753893,-0.491825197852222,0.912524664790403,0.0889011518591327,0.782053351773539
0.451211890294983,-0.730201476208369,1.72588825938439,0.00284303810321429,1.78268416721299,0.117908771009565,-0.271402819026349,0.748449034565152,0.105840268201865,0.49071679130233,-0.841740545235327,-1.17471401007887,-0.075091483854604,0.576416158200125,0.369938560465379
-0.219155662019277,0.903176664779303,0.748437941226372,-0.260657274132303,0.728025298735057,0.0316056240321534,1.5300928829547,0.492277564440836,0.500882476345225,0.0734968554884675,-1.15047145741997,0.6476710477589,-1.59124192084815,-0.231127908063259,-1.99818506844116
1.3451183488728,0.366038237491069,-0.229626836051426,0.984198708010086,1.67626984466809,0.301570564041826,0.127419778901044,0.786795286376884,-0.353022344286824,-0.127971199441669,-0.196482087940886,0.300493103921369,0.739190698865542,0.665830361360951,-0.775532172208261
-0.107466356163731,1.00379992224138,0.714681109769637,-0.396661083846368,0.967845326980241,0.971979794530636,0.857348031534686,-0.527466728628626,-0.0869057103127522,-0.325732049809738,0.30782273272598,0.140408686064671,0.640127530326983,-0.666856200380653,0.357171996117184
0.90479999913918,0.0657954578856251,-0.138685484193977,2.5865508930336,-0.872083315336594,0.765505059743001,1.22802361749164,1.52780285527116,0.150855881708155,2.79852054400245,-0.0920927704859876,1.04130621739898,-0.682764790457423,-0.602220706426628,-0.979534791507495
-0.251240356751296,1.12639307522593,-0.45702410636151,-0.756516445445414,0.141148594139639,-0.618310454960561,-0.947419029019024,-1.53330626138705,-1.39166302285222,-1.18634124316966,-1.96627887165135,-2.35009372802125,-0.102047122148653,-0.507524493672824,-0.624917984420199
-1.03922264554419,-0.0822303054220087,-2.80531464782542,-1.08619131025463,-0.460701628352428,-0.538968658692316,-0.546372840030756,-0.436217592368443,-0.0328164991845904,-0.0827441485240636,-1.96693877117694,-1.03757009490712,-1.70780674964298,0.5141594719917,-1.99438976417769
-2.31567291732944,-0.369391570332184,-0.932759116021711,-1.49938826366556,-0.554161582448547,-1.67118717265392,-1.99380538902743,-2.77627394018416,-1.0103431057475,-1.67141703786728,-0.332243797225565,-1.14713600847253,-0.345315651407117,-0.549175440061056,-0.269172007310658
1.04763971744089,0.0645553806439186,1.13036874519083,0.187239609582956,-0.12196867383657,2.35203260713531,1.68743583224434,1.84914620705857,1.56171538230517,2.33221335086807,0.795293375915375,0.991179369979005,-0.573503610652259,1.57557856563848,2.88136325091753
1.59461775877727,1.39145678271751,1.10138159071108,1.84183307023972,0.242649210720575,2.30420171979031,1.95917293411574,0.194138807206995,1.32307212531592,0.0396080385774706,1.93032791791296,1.9864464913171,1.09228547302235,1.92291636041586,1.40739773301092
-0.358512523930157,0.285623133951363,0.597474342604346,0.238668272232724,-0.837054412771665,0.673126179215123,0.899491685372335,1.42575342611711,-0.0334191387586427,0.0926984319914587,1.05376182812195,0.928037639613749,0.0589611474083835,0.0536104788627673,0.0525647492739899
0.29213794875698,-0.809872778082705,0.0662202490811442,-0.304163435837308,-0.0177189681485758,1.45067084402777,0.946668452303737,0.283457034204744,1.72820334972745,-0.727763640748951,-0.85182215104648,0.376776333445299,-0.186324065633862,-0.215618374932195,-0.628413760144167
-1.33023585831211,-1.33123667028427,-1.99950228971712,-0.170065715934568,-0.412306967315192,-0.89993475283724,-0.733186802269253,0.187973650544759,-0.889230195709379,-1.74075513157411,-0.497649851738668,0.982954747173064,-0.169198938016007,-1.32820815380935,0.837067522502833
0.367816127445313,0.791786707927278,0.399371226300195,-0.79684232561348,-0.223553219706704,0.656514664832796,0.804934762194946,0.0315264680032068,-0.369549478588235,0.150837732762212,-0.164070098772754,1.5340137205703,0.773877575038474,0.061831109115567,0.851150335274371
0.927093112637798,0.961500432369185,-1.14443651965071,0.830928245478687,1.05087070271242,0.153396426439028,-0.0643892240856158,0.44064422283643,1.92030630001137,-0.556489711314372,-0.267422198979068,1.18603262562906,0.525595989172951,-0.784577892620401,0.559944818801021
-0.237508874395013,-0.0702768266793327,0.0588573880676722,0.182281118224066,-1.89607525050968,-0.289990381636433,0.764032501719487,0.266879116331967,-0.785493213821634,-1.3049290191854,-0.135618735282985,0.356181974052536,0.575017214382207,0.356393567627676,1.43738433421348
-0.0879368328135302,0.742353051631788,-0.635597415622357,1.28592157622456,-1.83683765960431,0.494883599039318,1.97000160219227,-0.199722434020392,-0.144737354099361,-1.16423648081057,-0.429917757169504,-0.402652973920497,-0.338953539802426,-0.768125595744625,-0.320793430426034
-2.47125353635605,-1.51741687951585,-0.589714593185671,-0.613799402949951,0.465356485701548,-3.49680003197697,-2.72869327890969,-2.01667979355091,-2.46080736715375,-1.06051995164798,-1.59036486152793,-1.61998047636255,-0.555245378923443,-1.04684436850018,1.54762717862277
0.614786498274244,1.08416171587132,-0.238450777604018,1.35387662344747,-0.718795815887005,-0.743585553339272,-1.43004842099285,-1.17630497709739,-1.25808335015549,-0.509449319439053,-0.0120056315429484,-1.37519002289361,0.588931277789348,-0.623862461415924,-0.87509668264741
0.913968423874477,-0.0991356370189812,0.31774019358909,0.533469687998735,-0.436932478965779,1.43199820040198,1.05977025000918,1.11705369622002,0.725366041002841,0.33628756413283,0.598391414844033,2.14885829426969,0.918813582636828,0.734945751978779,1.37636677301698
-1.00845631614756,-0.209111890794675,-1.15263001806741,-0.223352598435183,-0.0554806327912196,-0.718896884830477,-0.187655554379977,-1.54057777938829,-0.288136039251567,-1.40049072576108,-0.684246748697948,-0.501312632556801,1.06221873559168,-0.704155321249247,-0.715952812791321
-1.66247271606653,-0.968497670601519,-1.3755460523296,-1.83265866851922,-2.47081121827666,-0.0018569981669368,-0.796513473365752,0.214713448848482,0.804039797327032,2.05712802818055,-0.887494507991361,0.487410222420344,0.244449102927794,-1.90317387341022,-0.0786573740558813
-0.849538937829686,-1.26679688424409,-0.936770340430823,-0.858446627313737,1.43922640241035,0.299424826323289,0.196575705117951,1.29117035719699,0.82302181180017,0.495503652935865,0.026761375485412,-0.0425584317378999,-0.632943492087885,0.252081581746787,0.212788630013496
1.916686520406,0.911336248598471,0.969327089383297,0.0390046184725395,-0.783169407118828,0.57808075196017,1.7669087566343,1.77190325496382,0.027874346660419,1.83803867666211,0.774906850750735,0.755389435484261,0.628402317089894,0.807959157625368,0.413147851016213
1.01541495836782,0.424901023070921,-0.32026281473521,1.20763537323881,-0.236280691042837,0.467717324266131,1.68673617312688,-0.446045700409037,1.32300910968477,1.17733567795168,1.01227898143331,0.0711891972084865,0.17097824105613,1.71199880554695,1.6047535954879
0.291203284100098,0.126374040344046,0.865149049534141,-0.157552406580255,0.489705673631505,-0.297012513297284,-0.565271232952258,-0.662546793230119,-1.82963530717583,-1.18128299212263,-0.385401819963922,0.870393034987381,-0.626071674602143,0.23466266028139,1.26892005451871
0.150495656304273,0.303269006891854,-0.0181639560333559,0.301256520802703,0.614809301928884,-0.0287749751879574,0.241170632014862,-0.821234916628621,0.797394570909499,-0.585221281336892,1.32329240140807,1.0782076814823,0.755462226829832,-0.237896581784489,-0.357005886915577
-0.124863819141821,-0.704352373778813,0.31238626397045,-0.688870520566238,-1.75873145250874,-0.332305669177795,-0.249586440475545,-0.35970679046064,0.507349633862616,-1.20378664647884,-1.02855007497697,-0.993607403164815,0.11418217022342,0.0896346633406949,0.292563478009675
0.371205405460401,0.554171769846574,0.397211912411992,0.146514566561863,0.0161019619995849,-1.47400007058518,-1.94180132990612,-0.61290052180798,-0.89173041821538,-1.32815303322686,-0.400160033168136,-0.529212104075828,0.847129456090573,0.200010625617305,-0.813620298496091
0.0625801863553255,-0.465090957711021,-0.423256072471385,-0.580373575130414,1.74702298764471,-0.175978514480729,-1.03296016851279,-0.409564925335584,0.0938919616624651,0.557786058480235,-1.12566215890525,-0.379643054541488,-0.191964746965472,-1.31398834777427,-1.19016518929121
-1.71660322240708,-1.27164958446432,-1.32464238606135,-2.0891674476679,0.138750919265501,-2.58876362297771,-2.51664232551199,-1.85025923134752,-2.79860473634394,-1.45940771947466,-0.854199150365639,-2.39471211955503,-2.03046334042821,-1.20554132343455,-1.01857776706352
0.637163368380244,0.767477177615207,0.29677246186625,0.0322544740813564,0.558508624132947,1.82689495441663,1.0089887512843,1.315968435538,0.179577871135019,0.696614728009387,0.679703892438577,2.04417142359932,1.11761573393198,1.70288322078726,1.47545780623048
-0.0966753231295314,0.185799041657663,0.292097209953294,0.924172555042681,-1.02009537905359,-0.857864698662537,-0.623754590143975,0.341121936932875,-0.524576686283702,-1.2866176277203,0.736185940867035,0.948039083667243,1.51727671133976,0.357805790382368,-0.132986740578478
0.837748399808039,0.0467083529847365,0.0814832876084717,-0.253637878176109,1.07777711715961,0.0238863725008248,0.6687712850204,-0.511452010246625,0.941529191388754,0.95048607578759,0.0334738803521328,2.4487108466961,1.97972745100375,-0.556514219240899,-0.113845371251317
0.793580723700552,1.39443431123516,-0.680296289561418,0.442958552418513,-2.14664181045952,-0.17573733455864,-0.0891439079949995,-0.130913430268801,-0.107230419317917,0.16250284961111,-0.0408194299368062,0.882260612578193,0.706178385783631,-0.875359461928323,0.535437728784862
0.0815414816036399,0.612528939904785,0.134485381113639,1.0614613938495,-1.57050084633283,-1.20113175650422,-0.454185390478358,-0.766354857490343,0.0483017459596321,-0.56195963960325,-0.658226170994299,-0.451155593274126,-0.526190036946562,-2.1402930080453,-1.24437967145968
-0.70520156724249,-2.52145466804229,-2.48725227160865,-1.20656811615615,0.0282948409001179,-0.779120456515669,-0.12744724019606,-0.198485054081016,-1.41821330421161,-0.869829782828789,-1.32703916886403,-1.75937847518349,-0.639091706001823,-1.9934386830892,-0.254085279932
-0.133452484172941,-0.613797334622602,1.42161425199138,-0.150666216496233,-1.01030075147078,0.269191462601705,1.603706024139,-0.517897466614958,0.906110277244715,-0.0083575514060396,0.411137519859525,-1.05210589166193,-0.0678445741923184,-1.0624671546151,1.22228554802949
-0.451534711292955,0.605800574845543,0.0835151205357661,-0.887683752739342,0.142880364993923,0.98158179765329,0.880294421334425,0.909597626155189,1.37925437457769,-1.59497401787065,0.27318890781149,0.0811677007321608,0.906768587818507,1.00339625362774,0.876422839205675
-0.0406251056249394,-0.388656929262159,-0.0191398675522223,-1.44547378618309,0.0110155160771371,-0.300478076426742,-0.525982827992665,1.60402695096614,-0.945376606430378,-0.843543656285049,-0.00564921261308605,-0.989474342320964,-2.5394413822801,-1.52877983109149,-0.203057837363924
-1.1225200765749,-0.0270423463108822,0.136702534063725,-0.703835918418533,-1.85913454692188,-0.920542165783038,0.544097818994181,0.0324609615904919,-0.118523179925599,-0.831853099563366,1.3689565604064,0.263492035149362,0.181229577124302,1.4394535378346,0.37234156835389
0.717408033255636,1.56925843832288,2.15662222715777,2.93905349898141,2.81574491539871,0.509080324602142,0.248979266675371,1.52462000275335,1.50025064221683,-0.217676247105044,2.07816510798735,1.92218438801534,1.22094741566242,0.335805972044026,0.0264705960894851
-0.41862315074259,-0.0830054848743282,0.126094574240197,0.635692258533356,2.36172001116983,-0.744071019093303,0.245285142401276,-0.241468844673179,-0.943720380154497,-0.00507822309609505,-2.84750807440822,-1.80426120798504,-1.17365417711052,-2.15604497461815,-1.44148590251214
1.26590818426529,0.0489132459651139,1.32893792658743,1.50836769193406,0.707547916571805,0.42856956695244,1.04665141547102,0.405583222523918,1.53953400235835,0.995616371609382,1.92522873995453,1.08380980705313,0.956333755332676,0.858349588850381,0.44904411978215
-0.118511083439591,0.906818191888088,0.282723916594138,-0.0690749310823988,1.11857189581459,-3.05208733708038,-1.87758188795756,-1.94940357472849,-0.185931667620885,-0.541290961432107,-0.748975360555386,-1.71673456862736,-0.850211012900155,-2.06889925384657,-3.56480715243686
-0.130780556978035,-1.5940835177323,-0.210779465944623,1.85807199862276,-1.0356953863538,0.501711635250385,0.6445029978097,0.584590535928366,0.206540384370223,0.0780771653953184,-0.50751015303053,-0.281559389717598,-1.0027342706522,-1.83883253168032,-2.0202581484624
-1.53925955033857,-0.776656896290044,-0.695151759499736,-0.790396824537444,-2.07915667856389,-1.47971109598173,-1.30860599703952,-1.04058980261397,-2.29869915977686,-1.26672962400361,-0.779980022214815,-0.249449164710676,-0.140881365534294,-2.49175080640527,-1.86297730271536
-0.616629993023277,1.29532966444386,0.499198757065243,-0.561886274277101,-0.486287887831322,-1.17008870935834,-1.088482191888,-0.440606464989438,-0.5189863234365,-0.329875914657919,-0.262213700662818,-1.27986480441056,-0.409079846180372,-1.36625847167638,0.289900384161108
-0.0476711396996611,0.539559011601928,-0.947141262973794,0.0578835059029403,-1.27666966147077,-0.480043172775152,0.511020200653641,-0.329321253887659,-1.22740094879767,-0.0216244109010925,1.01963310902515,0.217830620145264,-0.085777278109583,-0.526844773047583,1.17311929502785
1.16143770710292,0.0812535804055178,0.589982579149249,0.947008137126221,0.565218421847543,0.0684576192015438,0.881859580228442,-1.24729971463358,-0.340668361893366,0.517931938489234,0.133919832229622,0.189161212066427,0.834590823570638,-0.233529189606695,-1.1487295945053
0.995762772825986,0.375238943539082,0.615090001906176,0.223353765341098,1.66875382874172,1.27034776644937,1.13697076958969,0.892762382117945,0.52703413325744,0.263724480972822,1.47945895114248,2.07495019321011,0.791134994891276,1.59743111958964,0.252792804985773
-1.77280282878944,-0.68384251581245,-0.765659262123149,-1.29526449246159,0.154021572114384,-1.17363216663696,0.19470594197377,0.439627989791067,-0.587636918424109,1.1036711187735,-1.77024083189518,-1.33850595974011,-0.783707390190145,-0.132168085097116,-1.07078454497154
0.198566184334968,-1.37192712471384,-0.799907926626042,-0.749754340122626,-0.310320743074452,-1.53840787334181,-0.573629923809772,-1.05415978117631,0.0654316048114661,-0.785411768775183,-1.22612280811979,-0.985652890399119,-2.20866955793231,-0.352570324088894,1.14502208902654
0.222353670935545,0.152241180778294,0.232425101955724,2.28024435567555,0.838551166150571,-0.688144600735487,-0.606826578965582,-0.157259308755473,-0.396050093482891,0.754900020532565,1.3311466376998,1.02632662150881,1.02412392247451,-0.431147446372325,0.0565462328252074
-0.370920702785971,-0.0479600185081499,-1.91523062275881,0.0266661108767245,0.114241438497162,-0.984384633079153,-1.04338141860079,-1.31162709641398,-1.62752375011667,-0.0820393144767141,-1.74220485353859,0.0508931006810206,-0.668534879548155,0.737486229511935,-0.128233309329782
-0.535296968042955,-1.46273835527426,0.200939483835034,0.182911986243169,0.0501658465988734,0.29073728749164,-0.238005138681444,0.303158988305204,-2.48297750333168,-1.41118982037382,-0.188996836919593,-0.0176594301262137,-0.626912354218507,-0.566791433120948,-0.17617133013832
0.205461821946225,0.0626015865167531,-0.327848880992792,0.152410144042575,0.71337263847586,1.46182240723678,2.19897663002544,1.56306389941763,-0.0538562857381771,0.367309831236018,0.480568194023365,1.04601294420379,1.58964344256919,0.288855109627947,-0.914815495450267
0.450599722229182,0.594712017415949,-0.435429705935145,-0.0268381525856617,0.13946760045849,-1.04261908275494,0.707814110079562,-1.36138138759197,0.832682396067169,0.291931616363821,-0.176607733423686,-0.369402540434346,0.427232187335719,1.57983374773463,-0.600151889462859
0.194289513990983,0.595558247482546,0.329961924968889,0.638361204605289,-1.47718759300249,1.46038231877591,1.41884689494313,1.1225620040795,-1.5240219221726,2.29674973851195,0.472812549011795,0.681941980754031,-0.0848489375267481,1.51273871731679,0.882320877286039
0.743734532764928,-1.03600080187376,-1.65430115570394,0.52367011928143,1.03611379565864,0.167806432608813,1.01221749630874,0.690225502397579,1.11864396593771,-1.03334337497706,-0.75211058523763,-0.291539476298114,-0.162219881554916,-0.326758310984637,-0.644346693876186
-1.363628786508,-1.07195761244468,-0.757573207602397,-1.80765615517731,-1.63516211226604,-0.709603628934549,-0.410188223348331,-0.111318107503575,-0.222580908404835,-0.969350473366642,-0.251617837137786,-0.851774468385856,-0.396452793196044,-1.24817807126687,0.507503886221015
0.0532727746719624,1.37406721120753,-0.943406449726197,-0.943635196237629,1.17216729775207,0.020380324459646,-1.07206622452398,0.478955155638411,-1.25505119350983,0.175318817887749,0.275360386023926,1.13433630824619,0.848138100299217,-0.0970010528279842,-0.4382348317774
0.564591652320566,1.39651867620407,0.482888924870726,1.04091499422105,-0.84443019145437,-0.327901269678248,-1.54788068743284,-0.18741532539967,-1.43715589199231,-1.52953498539569,0.495971249288565,-0.608343002013782,0.207215567196518,-1.14590806263212,1.72658914757879
1.56945868998039,0.128780748101346,1.40733745636828,2.19936318105514,1.03857538517805,0.544537824633353,1.20063493951299,0.0611692614714659,0.355929047799963,0.984301357408296,0.259544617130424,-0.54851669117541,0.0957741598223513,-0.0331587661762226,-0.197670340286156
0.456914847138839,0.259415458554125,-0.421014642889439,0.0105867828645972,0.620804163492574,1.00836158996282,1.87291067908687,1.13939554526508,0.146899257644651,1.29622054322087,0.982320173576622,1.32696777243067,0.868163313472471,0.233846503940426,-0.00504113095326901
2.72803085425166,2.8071219884018,1.28166561647789,2.04425164409659,2.03060544174249,1.64015619007584,1.80719060756973,0.0673024099076101,-0.0586983305172251,-0.205446670954624,3.51226262848164,1.96653752259816,2.37999786831706,2.58625783553647,0.23319888580518
-1.29413944914527,-2.52147001924034,-2.00573410070698,-1.03897951473116,-0.857560699098676,-0.349328694237252,-0.884049585038241,-1.05020140886231,-0.568522653306602,0.00517705355185806,-1.67422293642644,0.00634892096304209,-0.333395546012151,0.604804009751316,0.339798978938539
-0.0830281239285724,-0.136135977102353,-0.283840913209441,1.53445421076513,0.368682305728012,0.106768100077833,1.01548247163483,1.64669109899462,1.15120099444241,-0.101823428075414,0.124372452869656,0.65567108916841,0.394953916761244,-0.454255908540037,-1.09542589791351
0.316621649071109,-0.269819267684689,0.139617094722017,-0.930655954173823,-0.746858319688667,0.783753135223838,-0.818877392153526,-1.1511500991663,1.43060962633026,-0.595633487706421,1.00549312052647,1.30595254290519,0.744146968228656,0.937892531507075,-0.339934190477903
-1.19335363269466,-0.92507614299708,-1.02697204346816,-1.54051907091226,-1.87023120156989,-0.301037602386621,-0.401453494080876,-0.259054122942252,0.313347764524439,0.543299670816738,-0.779967959205418,-0.877777489174676,-1.36379882861111,-0.636142840565739,0.828476972038491
-1.12075602175787,-0.691197791626756,-0.417202865545972,-1.31898201077725,-0.789524326365207,-1.13191505574041,-0.873831196303718,0.140888761338201,-1.64432676677634,0.701579201690689,-2.42538125371665,-0.560250623059138,-2.1709461730907,-1.18400505815683,-1.26759624667163
-2.5447251684935,-1.71627165368495,-2.0724672618029,0.0347868748190821,-0.916835944072996,-0.137907257754028,-1.11527378975167,0.464598071604659,0.91295202031439,-0.987795533151765,0.43167254966462,0.375192207777349,0.83701677915243,-0.841843056686442,1.67749146617387
-1.74677509331204,-2.54250544926367,-1.87814806840798,-1.1979375774859,-0.732390885593956,-1.84935811818116,-0.307106657318847,-1.38271736140525,0.343452257504499,-0.399792564147192,-1.85501751961927,-1.94516901572378,-1.24843777894534,-0.546950949001133,-0.293561334488322
-0.484156085411644,0.65460507723216,-1.28163048227582,-0.339205683483817,-0.663262554667686,-0.949864754657,-1.29522437472592,-0.460565759617343,-0.536546177599645,0.897084899474313,-0.190137369933423,-0.614146418119728,-0.0989405496590148,-0.280991304878906,0.113998894031821
1.73408714555914,1.02775874196155,1.04033145110125,0.223232721017403,0.419389031580196,0.649700278060884,0.784139832178779,0.234569478719397,0.120553891442061,-1.39753615432156,-0.755863792620878,0.241731449099959,-0.163463129842518,1.0655973446073,0.242190042073243
0.738588470983403,0.761295617319715,-0.0332763659540915,0.264885898373265,0.360933444890726,1.27816852837447,2.70025206801083,1.81104713841636,0.320366068832032,1.08857357149298,0.00595312413651395,-0.0951305152495329,1.30744835898982,0.301938719491705,-1.25010163723323
0.178619971019056,-0.437190271897274,-0.250138385394886,-0.79657488035675,1.16013120798703,-0.0859498393603067,0.389812396486317,-1.12256898372013,-2.84270290108865,0.178261546559688,-0.342663023823156,0.412492362238864,0.0444023860341392,-1.17329783257079,-0.257909059674673
-0.650891370173948,0.962765462000545,-0.212766233226355,1.00787284977883,-0.0397389939045048,0.281550177481076,-0.694384029237689,-0.283690041012058,0.650290693381998,0.906411505453783,0.578525288184566,1.39099342289231,-0.357602586576383,0.506766964873606,0.152384062992487
-1.1837257241772,-0.807245032985209,0.0116756614711484,-0.431726555246394,0.0401607762179403,-2.00640808445006,-1.69181391682199,-1.99486034228347,-1.64877465101897,-1.67854353943105,-1.85247847102774,-1.45121844439774,-0.545454416722686,-3.25636045784434,-1.65682797242842
-1.38471835586565,-1.03962367151443,0.57172334468646,-0.59397377519342,-0.78775767311316,-0.236188436358691,0.177192045078609,0.150996321490118,-1.52373141765301,-0.130820712404238,-0.755467607449445,0.967047360387668,-0.0381355987821416,-0.14730947351177,0.429932892153908
-0.0383036343439844,-1.07309953979606,-0.175588523753045,-0.260741757538347,0.315425918048639,-0.0738419894033033,-0.135550571302474,-0.660819078570261,-0.905432511247077,0.998781651219301,-0.94906454395622,-1.99309235391497,-0.690419440567577,-0.21302614208928,0.0249928881410168
-0.738254277288008,-1.66561441528721,-0.262311408659034,-0.624140415119149,1.03746906253991,1.01050573403627,-0.227061934904793,0.699929145796483,-1.4971668138849,-0.839883118144326,0.629543526758691,0.232915810928301,0.232528670829833,0.962934786924254,-1.56405039090066
0.00682953763818458,-1.346978160559,-0.618029352349885,-0.581822168387898,-0.326338889912811,-1.82603821893,-1.20859483337417,-2.40036827902218,-0.777901999038028,0.459125489440333,-1.88390294091858,-1.70061554027687,-2.93325687321065,-2.83966955631311,-1.20645398543181
-0.247240667823358,-0.129288767617712,-1.04919358731387,-0.522925734416405,-0.965311308329719,1.37513488532318,1.64035154337249,0.404848724638563,0.890077757595196,-1.19681431753672,0.585893890821778,1.25189049931087,1.27071238889831,1.30510009082252,-0.431044793589291
-0.764839827762435,-0.967227703688832,-1.81469200676787,-0.51508055730623,-0.552677187379951,1.34970773669399,1.62822134283575,0.511122883611616,0.0881444155045607,-0.54730475554098,0.394016485806712,-0.185330629516226,1.26289901000759,0.031619205848461,0.542006696140584
-1.62638474132107,-0.990978701942167,-0.50796533118015,0.119771610381301,-0.553425517116081,-0.782550067863564,-1.28912114513884,-0.615364650216116,-0.59790128885866,0.806634464489203,-1.49096646335066,-2.63817390959817,-0.555870412685618,-1.55874387129826,-2.19989875057748
1.2029826650618,0.632858442228321,1.34479591247455,0.176264088099757,1.08659985047943,1.13371190912829,1.4410005944127,1.07045733362679,1.18391274105252,0.5112190594578,1.65933527904252,1.45637499224295,0.729891306981843,1.28700534088207,0.676167787352216
1.02935404751717,-0.386652885637467,-0.684692372336608,-0.180387404024682,0.551504065879218,-0.60810387030832,1.38889992538397,0.213541950012987,-1.03098712464346,1.79168815780289,-0.642129877388925,-1.25881720383353,-1.08131947034052,-1.38417992949428,0.207222356165057
0.957359643019108,1.20243281697276,-0.0918534917860369,1.26953650662667,2.17893696373965,-0.135889152674268,0.249203035599247,0.115365976829921,-0.446036330596989,-0.111933917032594,1.50812379456969,1.32701152213652,-0.243810764773648,-0.587956154213814,-0.829104469585677
1.36205256677912,1.09045061344058,0.38599678099372,1.51097750792473,0.581847745046676,-1.54142836392777,-0.420134572535797,-0.948823199095591,0.424785531031276,-1.74874052164418,0.696440166261011,0.418012539099032,-0.223052910695175,-0.284142589956395,0.0744306005716504
1.05706600667203,-0.263778703059791,0.0286395237726927,1.03464966977032,1.11042183412966,-1.31056765427461,-1.17077350106101,-0.0631746428366015,-0.684721343501312,-0.101904483198057,-0.698059310456269,0.614573823171816,0.706997149292877,-0.0551166894640821,1.12975301903723
0.764786056787924,1.9580143113406,-0.124360441561341,-0.0933435778634001,0.453251850781291,1.45419211531666,-0.326684530120993,-0.0222242994445407,0.073901277706602,1.52850284594846,0.829328777692069,1.6779288202546,0.29027731262349,1.35230685644552,-0.102844317945841
0.480726424664267,0.187770530275756,0.955765470887516,0.910989142149203,-0.148144492929093,1.09140288937605,0.553863881800255,0.69605120955126,0.366856337861122,-0.122109936761564,1.7420417844678,0.960650889003691,1.16334259820203,1.68407045494966,0.606426316817227
-0.749958080636612,-1.17982273642856,-0.46745722570211,-2.12890394041294,1.64407463745683,0.160804380815756,0.860660821563158,-1.17430495051042,0.968779015605884,0.46747807153401,-2.26276845905796,-1.57478139116007,-1.86953351179663,-0.864549174183432,-1.01214837713372
-1.09120804111166,-1.24034464884571,-0.155750724999958,-0.281013331560432,-0.345787084786524,-0.0482896013167716,0.0472903023395518,-1.43217054902649,-1.10881034254015,0.450920124632964,-1.20532105632741,0.438959168802025,0.884077754545095,0.0821991707115482,-0.255057532096524
0.0118167090719658,-1.01088668682593,-0.809788062289171,1.17080659370711,-0.331053009427101,-0.498155556644542,-1.28773719142646,-1.02205771060733,0.207407909657995,1.08832914011077,0.679637934851534,0.114938568526646,-0.185952987374046,-0.968383348654254,0.843577604396115
1.9273339980711,2.66792320028308,1.76083264491338,0.655962067201741,0.59110277900877,1.66704740623112,1.33351609285749,1.39767434973962,0.368060513108423,0.313612161329314,1.4115102860725,1.60080777115737,1.44252509145297,0.467708325387109,1.32103578417418
-1.02358272943702,-0.376370875127572,-1.66388597984386,-0.799876191707564,-1.15614922458782,-0.131807489167092,-1.13678300992823,-0.239910942502749,-1.49840956520807,-0.14206040411179,1.27336576839539,0.382768998459697,0.913998025206757,0.396351263767137,0.906439694440133
0.107276376847262,-0.398001277271432,0.334862203238122,-2.57490097522149,1.26440218934589,-1.34152583762386,-1.606589416719,-1.10214041214576,-1.3062783518649,-0.0152632493685919,-0.0369707184322492,-1.32516730005308,-0.516529707742072,-1.89642800335084,-1.1653259821131
2.59719265352035,0.0912708066216433,2.13563237471526,1.96847785716855,-1.31177907367335,1.95820627956076,2.21605270210669,1.89568768968861,0.693772421499895,2.6801199064286,1.58745562353089,1.56546169905421,0.0986449233633884,1.93465126179629,-0.128867678657709
0.0204585125829662,0.735041456235868,0.711455300355798,1.94068588620043,1.46956536961231,-0.574098010817083,-1.36375702394233,-0.642061551564356,-0.102489564350836,0.342781988521415,1.245585425184,-0.704210003355096,0.610098864956199,0.42473626401295,1.46474165344922
-0.0425390350548679,0.301995968024297,0.393272326537125,0.0426622332294991,0.654047516775353,0.671277813745131,-1.28414142608648,1.05448908042913,-0.106215545723182,-0.0801458576782048,-0.910592653961478,-0.356255761666532,0.024761833633176,-0.334864035794846,-1.76715720509986
0.0373374829476799,0.29124368377263,-2.0366808113723,-2.59661431347622,-0.80427066522272,0.0316853506357424,-0.772366605762446,-1.21711025552017,1.70985320300699,0.921913618781381,0.711120457268823,0.67884564652571,0.174795855487319,0.492103313232339,1.43905250755642
-1.53633174155238,-0.417668567287775,-2.17220685318487,0.55263358109392,-0.849918402266368,-1.49329810135659,-1.18722350117696,-1.64195554415413,0.138200863073115,-0.241398786633676,-0.443957444871234,-1.04196200764203,-2.26714076352606,-0.433635177984573,-0.182886604695566
1.06642468270895,-0.00096441030834224,0.666227731793055,0.216212200588481,-0.126800386673306,0.13341882900512,0.612020916221834,1.68063085206845,0.336401356814142,-0.215458246727943,1.25535738191255,1.27034484066709,-0.661314829538753,1.93685602390722,0.103556254515418
-0.0532627161307971,-0.219244694694058,-0.165342595011923,0.42765674318848,1.37151673824924,0.782270958609733,-0.0262134679950496,1.36130098582922,1.34185186143122,2.0621732453475,1.41264957171154,0.17278906649687,0.615660020547284,0.898326872075725,1.17449410349894
-1.35246008652252,-1.82818269513003,-0.772962294891165,-1.53618845289678,-0.0827750315476658,-1.05096583283345,-0.76122701664037,-1.20144069040491,-1.36193197495865,-1.25237044830254,-2.93804868304077,-1.81472956463653,-2.1195771424992,-2.26113541993602,0.673759112909004
1.00039477775446,1.57356162019597,2.3185085703059,-0.690814052904095,2.38000349727097,-0.722279282149811,-0.724214088111423,-0.910119279011724,-0.847413697700251,-1.66308202578202,1.30069921383102,-0.108699811596123,1.36490771458479,-0.0563077674940137,0.0910277709066381
-0.37702742461623,-1.38114234213436,-1.09878284949163,-1.08544699954075,-0.270806802579189,1.07713556669733,0.61824248883063,0.0536626717234097,1.36024643481077,1.25410707630393,1.03844238139538,0.546016136254986,0.802024660391103,1.26653822107487,0.433125699529392
0.143212721262549,-0.539906970866323,0.626285298768001,0.136709161596323,0.011953715923348,1.12339850696767,1.41088213972433,1.07349552114398,-0.129254326010023,-1.25026297312366,0.712485732919553,-0.369561494775702,0.414805758344869,0.332306411334046,0.715247170851451
0.181713999169709,0.997968158927159,1.11429432126435,-0.988156992640384,-0.397085390066624,-0.367623697881669,0.0603319323129023,-1.64616327025593,-1.32659481893032,-1.83231524183267,-1.45743315296717,-0.641791883241597,-0.459383195901421,-1.03645473078213,0.566057759251328
-1.53218247054098,-1.01147618687847,-2.0296656639348,-0.593233605631768,-3.12987336686438,-1.332048245883,-1.50014663757668,-1.16059268652958,-0.848089459821139,-0.295719344440355,-0.0286324575204322,-0.331367387080386,0.842018648875247,-0.951088804139164,-0.0173757653622944
0.491036985470888,0.490480240291202,0.135529745600016,-0.455074154454594,-0.573940690962722,-0.326728809863426,0.622274752391052,0.0465755817850769,1.17926324833611,0.055997176428847,-0.208845185862095,-0.864084712299023,-0.266822214315292,0.391973282775349,-2.37137890889111
0.0997373952978588,0.181658318258843,0.830456292040855,0.100607796831244,-0.792250403737721,0.902594074192484,1.47594226921794,0.347719935480403,0.971966060945149,0.433283025394377,0.818945331974528,0.298075485958441,-0.0276991532257993,0.637632603912251,-0.16557432004343
0.342667914185923,0.70363473423736,0.465815227602097,1.31166892966592,1.29869579086417,0.652364507705544,0.649883343843693,-0.0529192768627383,0.129381312455745,0.764989751527868,2.97137696186062,1.18159550876743,1.63232100595883,0.939670043616359,0.690345578823827
-1.25244754334412,-1.01637699858622,-0.109780412834362,-1.36738796848467,-0.924995439016942,1.10710243594475,0.603943536098082,-0.774383029910082,0.585423032128201,0.0977362472450296,-0.380555802784471,-1.30678974340205,-0.240544495094672,-1.12709055337,-0.311219008853145
-0.331900437455101,-0.241198464841964,0.183053900931393,0.447897524222063,-0.667948344332291,-0.566115304101168,-0.469438993826794,1.73691753456164,2.28656618891837,0.476442059864578,-0.582700479608532,0.610276512992372,-0.769039574210441,0.786161480336535,0.662194117699473
0.0968929422055391,0.0346357290569154,0.334470235468707,1.11009376105217,0.0374956840742994,0.0940519695269107,0.410506421579753,-1.18733393351946,-0.4571284467717,1.06588239351381,-0.0209420858988037,-1.31128008686058,-0.160912576696347,-0.921672563625395,0.575632260557012
0.389828413923959,0.588895222991348,0.97933579168334,0.466719260407011,-0.632836406750692,0.568862552035307,0.693668005166519,-1.2157333907727,-0.185766085065357,0.423200336696029,0.283253589707237,1.4390836386293,0.359726983193162,0.610441776818565,-1.26591988356859
1.27582121235412,1.16685302338491,-0.224570558309663,1.21616246031434,-0.374548541361595,1.326450438761,2.04856340915257,1.05982233453186,0.731675724686678,1.40196457984864,0.24965079829037,0.155049162772986,0.591691355102251,-1.33395417848674,-0.457719669676978
1.42327320207374,1.89490126020012,0.115283945985804,0.0227121853863151,-1.38864976396328,-2.05009514667444,0.254856378063158,-1.5863909446949,-1.2802317878757,-2.67802611597028,1.05004803470613,0.0521324380287675,-0.308277314712652,0.0177925419014431,1.10910681740708
-1.14881827431502,-0.915206372654333,-1.7679250577155,0.393207886690446,-0.12007486148232,-0.0557876808491917,0.267037022599543,0.328843252068239,-0.123313712966096,-0.381404123187094,-0.426556454145076,-0.531884516823475,-0.299337185758862,0.518977391152043,0.234024032041361
1.44296729380151,0.370058955708444,1.32260025800255,0.392828263001524,0.0207570433066024,0.507088222812406,1.79627688513494,1.66660135904195,0.981653057751113,0.39520263529689,0.857720593121175,1.42736202511246,0.989058393332312,0.649821433520278,0.291615161608177
0.676960250145377,1.37609550399162,1.06780909614828,0.775352341204678,-0.00889706867563028,-0.251471854071837,-0.445275871586024,-0.174158609741573,-0.187825316447208,0.161788141711001,1.66813792089313,0.0521472899716829,1.41791380966411,0.489107974606753,-0.340416408779676
0.659988981387034,-0.092667062981118,-0.6293375060935,1.93626486270484,-0.858243042330644,0.798942456100114,-0.276730680330833,-0.484819983686757,-1.31246554495832,-1.60074947766887,0.338661065641558,0.136839676789467,0.0592616079047387,0.363289875999104,-1.63019577713021
-0.926818446523609,-0.493748978288714,-0.310027551761402,0.0789174530587723,0.861900438362068,-0.506798506630113,0.0157885618468466,0.835691119402621,-0.132763720102056,2.19066452908291,0.166102644449949,0.733316292503563,-1.37062588138459,0.346974459382373,0.785673543649093
-0.471226829416991,-0.309362819371698,-1.06937346688791,-1.72497659625117,-1.43329828240285,0.762195808069538,0.999205101024682,0.512881699638015,-0.620275450126201,-0.771325013050278,-0.703840435910222,-0.250777025002126,-1.44015006138467,1.02575087068851,-1.05205953844712
1.22242382763052,0.269017198246296,0.588496761209264,0.522736585933673,-0.618361438716376,-0.904522038428519,-0.0558986707910446,-0.284760984765658,-0.711639878537581,0.807645009557866,0.657783755730638,0.810049187821821,0.999702079958425,-0.186616033591934,-1.53527257930362
1.74817909445996,1.36859681759781,0.150041930379677,0.660995072436675,1.42979889890838,0.286986808596953,0.559896439216678,-0.623190674124296,1.83944547971262,-0.848941201031564,-0.746077788562249,-0.740301677249897,0.389026897929054,-0.21618894179944,-1.38840863596529
0.511951935256768,0.638065148823142,-0.367361407439174,0.455334540821087,-0.856088401598607,0.65023494935216,-0.970091551628355,1.04407766191591,-0.32973375181761,-0.992167742787297,1.7072773006298,2.31476787603173,0.39027411034641,2.69011227846636,1.41471749207297
-0.921135009136017,0.252036874334051,1.46018775674366,-1.74949369682104,-2.04630201426406,-0.202080604717831,-0.934814058020979,-1.18695281715964,-1.76698873713822,-0.0473449387852214,-0.491000489627522,-0.272285215343274,-1.19155282548596,-1.6940608992095,-0.3699228436199
0.519974778013814,-0.386766372707103,0.432284957644896,1.34242864820599,-0.00220313449088251,0.556812031170336,0.533230987696854,-0.224036638986983,2.31268051695425,0.6989291819614,-0.436122185300478,-0.504745542279441,-0.986152104909365,-0.515661197003188,-1.58993181981942
0.162241411019351,-0.233573715931363,-0.352321359914679,-1.27043209268217,-0.281553626462113,0.487831166283145,-2.03244078719373,-0.965840603068465,0.372854410349579,-1.32662134615955,-1.78717327019875,-1.27427644005483,-0.443045696436635,-0.164854501361477,0.30945783171015
2.52748984432012,0.396790906338723,0.878408529695536,0.705986671467724,0.0699834345545575,-0.0833732409591897,0.206485890630874,-1.3198567553248,-0.724815203413978,0.639112067009316,0.302253049201379,0.676493739309609,-0.961045185534454,0.202952644283251,-0.817217908432021
0.283854328716939,1.02379721063535,-0.775542817567108,-0.138304507074812,0.513343302273305,-0.224330000171369,0.208981397476221,0.481828627159677,1.01043089090727,0.15986199495459,0.908251417413497,1.27163530682869,1.23227620116779,0.462481746896583,2.02793941225069
0.423722846867076,-0.728874462577143,0.59905808303333,-0.0373910217633609,0.878399462919516,0.954398231118096,1.31743381264701,1.0091297367755,0.253608935669109,1.02869408992535,-0.466634380608165,-1.75052262431429,-0.476943517578873,-1.01978314938005,-1.49090021162764
0.0310566959181369,-1.20976693859481,0.0362718306649405,1.04587246314605,-0.148750070473658,0.807586142454888,-0.0998169152924343,0.35079487787782,0.829937415026957,-0.180527471521687,1.12446890555477,1.95955156583357,0.185459184601856,1.64924943940722,0.522528905328938
1.40393552341144,1.8377287309783,0.789963289051447,0.61659596552738,1.30172945140993,1.1833812287943,1.556269830109,1.07807432713236,1.50305791707498,1.72945871687422,1.31591312789493,1.64805536667509,1.74955669548153,0.294680859612354,0.74972664655876
0.654263247475065,1.53291540603753,-0.217423815641773,-0.240430729888464,-0.474590154506169,1.49664426316985,0.562094513660163,0.907146032336507,0.44078660406663,-0.111491719103503,0.921811623963689,1.04307155112256,0.32233316976156,1.05754975570089,1.40270353574217
0.291048909567545,0.705225219599419,-0.298219079310344,0.208709308269415,2.46445305542125,0.0030912482168578,0.48831981345657,0.289971583873116,-0.101501099136852,0.0369531856906359,1.48854328288821,1.68646095906557,1.00358291342581,2.89755397922402,0.399152710835689
0.223190091166602,1.24697938356527,-0.0191842797486967,0.21601719669852,0.831969754069218,-0.347685557629542,-2.00293540883477,-1.15076116866377,-0.042627690928743,0.285234827909485,0.594274516182813,0.174834275055682,0.722153659290838,-0.321640208205441,-0.502576746963174
0.378879112440872,0.449900671305808,0.365746900695449,0.400019369478761,-1.10300290276992,0.501082263655954,0.734811295241749,0.0985219062994402,0.52682944689029,0.832687238862722,0.54569434362601,0.485121899333595,1.12356462027401,0.116930493627064,0.932037155756543
-1.01410551116582,0.448750006166359,-1.19860051214773,-0.027181067022925,1.14050594838446,-1.46602539349549,-0.891337390741104,-1.68555044045577,-1.44800904420875,0.695649267404102,-0.682204811525554,0.124425963080022,0.789719169777512,1.17008814876911,-0.657960577167009
-0.691010317598366,-0.6609568479061,-0.590161111808904,0.24941222447495,-1.48886583999395,-1.24214391615177,-0.159247824583233,-1.35269449846213,-1.5323660012929,-0.646074284226871,-0.0359080746808476,-0.595931575309807,0.369234728720668,0.707677174093173,0.733777339672194
0.689587203544549,-0.0751513954335237,0.868502276780712,1.85619849257593,0.0593584761094912,-0.273371676172936,1.66410795078897,-0.529947942625989,-0.00142381989038975,0.337566329579236,-0.589382436832873,-1.61807713045554,-0.536402724431054,0.220971812347229,-0.667174370554868
-0.524360077241531,0.147062087175108,0.437405348896244,0.545008096770486,-1.62227650088286,1.74436023830796,0.260928783389488,1.1253501686033,1.12136748615357,2.24937500665151,2.02546030503371,1.25691485102364,1.71651573034837,0.980522162728431,0.337103483061419
-0.205354416245007,-0.716830445196455,1.39188487796383,0.179175333397602,1.36280480734032,-1.13144673573122,-1.0294703261109,-1.16533190465196,0.183273697544593,-0.258918386411731,-1.89882690335588,-1.46875212951217,0.379248388983335,-1.20084741414094,-1.02468173392984
1.76312245658367,2.2012588538789,1.22760808585214,1.45801342859098,-0.330727214514801,0.0222061801264384,0.645708601501549,-0.326644062784687,0.88923403984388,0.893612025650005,0.329827437197027,0.320864168164129,0.561567907899531,0.707534387992509,-0.572168810668686
0.391875014129006,0.617593485160321,-0.654217321323677,0.00367191541101297,-1.61602512870542,-0.840208009085766,0.343106657109258,-0.359526664757913,0.255876628049227,-0.232822816210985,-0.346239615005749,-0.285283239426246,-0.371944974451598,0.0166197838412812,-1.30752083788255
-0.529439929227974,-0.184417856343968,-1.9122782768081,0.19534685240135,-0.891585617934617,0.816546660543717,1.17023300314447,0.616988607165986,-0.895111068335759,-0.549429544185707,-0.469056343906578,0.170037094706036,0.302711232419322,1.42650205398909,-1.77138650144703
-0.684986416651079,-0.184842352914028,-1.17825270359706,0.281788599889591,-0.299096060286024,-0.86696876208489,-0.814781532780714,1.18158894863485,0.663828733378161,0.227007324569527,-0.920639082758417,-0.173358550096366,-1.2441336799984,-0.53984363643533,-1.53596521953052
0.651199291070796,1.12358873525185,0.366688147763395,0.379988257940416,0.305837642101942,-0.222812832989684,-0.196323598749874,0.118211258640089,-0.745114767357179,0.682084632558103,-0.694240085491266,0.449617656879298,-0.142282866173819,-0.646627215626262,-0.479828603483657
-0.648868221059779,0.153696646189889,0.135669264286124,1.23706886557723,0.703818481400392,-0.359041554577063,-1.407020197421,0.30509727267225,0.79968654556943,-1.40515277008112,-1.09141331016999,-0.773881653584386,-0.719545076426335,-0.431909013102455,-0.690802358771303
1.62792375565055,1.9881684771025,0.577899946900261,0.863694049208375,1.74948207737089,1.13169261829087,-0.127688995434956,0.0880022604157129,0.518674940043121,-1.93739908242767,0.983776587091513,1.14503232256059,0.786888314300143,0.482595967187529,1.91094729535489
0.0472896067733466,0.539647838433632,2.08116394048236,-0.315878323659523,-0.27129192376663,-0.190716398252699,1.02436950452618,-0.530284612306389,1.8051928314919,0.163559395943366,-0.139531015628368,-0.162323184278445,-0.20106007025983,0.482201903805624,0.415757490207377
1.09149138175226,0.791098447023854,1.03955070012257,-0.173371774688445,0.0435231883193316,-0.354153276000031,0.984888082831294,0.824465421218915,0.729702356030052,-0.139343630427717,-0.824148975178972,-0.216965403224938,1.19291758651364,-1.21117901143397,-0.566398072063091
-1.7497427799114,-1.9306326963313,-1.70821431818515,0.447875263508592,-2.17808684314137,-1.42229293915241,-1.69027803812188,-1.63229052488802,-0.878892226884073,-0.572924567130423,-1.92585511049361,-0.723768596630596,-2.16263482831614,-0.0530500342988875,-0.156360206904133
2.11715613512671,1.34016019549031,1.71368785366847,0.774883447640828,-0.219081131853226,0.853624773411466,1.14740233661245,0.329568239246016,1.15713412205992,-0.885944602692958,0.972952966561935,1.57597726228013,0.900917832851952,-0.265178993621094,0.146271221169428
0.319489690198178,0.258628372824698,0.531799238202499,0.569356991060269,1.06303548155091,0.387432042023445,-0.216154149380726,-0.600925948146397,1.08000575311933,0.191061768717712,0.91515955936867,1.15479510764618,0.765056926485441,1.3838457657351,-0.241921547663453
-1.33610227386439,-1.23548476274083,-1.06111673917315,-1.15999783964786,-1.55492351311632,-0.53629377446052,-0.0596742618138903,-0.13627994089264,-1.05827904941008,-1.21698896532489,-0.0718277546776262,-1.90110202702614,-2.20223493196683,0.322167184931711,1.86224981691185
-1.01924566269956,-1.12291352604029,-0.741266160763461,-0.917826084111082,-1.22243121960313,-0.109525155606932,0.392860522438433,1.28020547233994,0.126871676909333,1.57375693968238,-1.41258085798902,-0.26563532134549,-1.00207975504149,-0.562375322872533,1.02958907918135
-0.800230307895324,-0.788946875333289,-0.968023849888657,-0.634487304647442,-1.53043421481837,-2.21841444498387,-2.07503660605999,-0.513398750680906,-1.11259331679151,-2.87681243726999,-2.01102848765587,-1.75617617065447,-0.277806148219645,-1.29227974112051,0.0604469293559497
-0.252293163166353,-0.516259509773903,-0.0649715198508502,-1.32336858356955,-0.732590576146604,1.55740761048821,0.381834045947588,0.519698540532813,-0.519552426780799,-0.686853872428233,1.0259718035111,0.793490254940576,1.11217875593703,1.28753504727751,-1.18931169555863
1.36500169920067,1.57743086987607,0.981670375799411,0.326099511312863,0.0443806982501351,1.14133041215821,1.86000216232433,1.42295642452658,1.79383232039678,-0.458014234549368,1.16983679953245,-0.200858790836142,0.493558042808354,2.70770419425999,0.336359623444035
0.429736886580976,0.434553286876575,0.156335865106038,-0.804800027633829,-0.284682625465133,0.567671451421021,0.619361435184719,0.962846346642445,0.806827856650449,-1.50048568320273,0.196554060460824,1.08322389807747,0.193553580246413,0.0490667780681104,0.0605563267881592
-1.802549837526,-1.37118980778471,-0.34616771574266,-1.30292581157985,0.356670791267225,0.902606015413268,0.0586076871329533,0.274546739722381,1.74277449684918,-0.22742603362941,-0.958199158927388,-0.847325211761665,-1.24109310711757,-0.983167591213494,-1.11169528743457
-1.09936351664898,-1.58144731776741,-1.33381813913155,-0.341826097048238,-1.54752281836617,-0.344814387758674,0.437288828984072,0.683594367055556,0.661186686145516,-0.859357866103002,-1.02705352677804,-0.272654523795063,-0.50027473473028,-0.401025433833646,-0.633680972678602
0.0368631439512933,-0.0210258029302366,-1.06837971401736,0.475505069504124,1.18393234649857,0.394223993456363,0.458350735020708,1.82817006554747,0.304799403541428,1.17260627398629,0.108505087557284,0.663634643915274,0.675965041903547,0.0956850317892523,0.620984123475607
-0.824106009915545,-0.693753594806403,0.199675254917657,-2.46767552239588,-1.40792677482949,-0.758610865666701,-1.01637656802153,-0.532706999271357,-1.52839705859775,1.98761223506233,-0.55110393849316,-1.88899570102128,-1.27663710540411,1.1320750668583,-0.120257232114187
0.686455815326167,0.0937988554398694,0.365200176679475,0.0885897205078661,-0.446333174665079,-1.0458050855524,-0.295017476424529,-1.070888955136,-0.352241318123943,-1.46908455428928,-1.88898969033462,-2.24897131686585,-0.000428426964295186,-0.633391868276761,-0.693867532469461
-0.228198583269417,0.0158245946474552,-0.682872106146594,-0.140415907971683,-1.54346735662156,0.66386737898675,0.0182975275771193,0.265598163199004,0.226615755981015,0.0970738697520949,0.253736804679313,0.998225071031436,-0.947304072577994,-1.20441339342964,-0.884550198335958
-1.02083528432731,-0.735100332598901,-0.707954321286635,-1.13036701204848,-1.12965153237118,-1.33873666594218,-0.719292362737823,-0.501725162553806,-0.587903464239346,0.916460410992551,-1.73905261103628,-0.176103517270872,0.0306432417303963,-0.774661929112498,0.559157116525754
0.0688886718661191,1.71473779048714,1.75025293507085,1.22210124683188,-0.804462520567359,-0.55066070955918,0.949639818607422,0.874370878672354,0.316185384187829,-1.93939362218846,0.740383968960909,-0.721818262513619,-0.168600409734439,0.367246013282519,0.046683660298423
-0.87799572553521,-0.909756239361046,-0.414607177461672,-0.904901440438572,-0.538522481270904,0.516626481728506,-0.211465668405625,1.60141176095908,0.148716404334265,0.577697133109024,-0.182530452698669,-0.365604375663381,-0.644886492686914,-0.927232915539674,0.14965440498222
1.71595718459424,1.55741798946497,0.0805167783547056,1.45774076026859,1.66175734337612,1.4642540059865,1.54757627627161,0.764194132874278,-0.445706901420887,1.22940936986255,2.07517901235094,2.35560391599725,0.647366884085212,0.396510802102574,0.00204432948402084
0.427379533764668,-0.316361876473415,0.303414183218677,0.893851801951318,-1.91205238778701,0.667113233453955,0.154158954046526,0.285700877174857,-0.288475032289947,-0.475114990958201,1.62171479570128,0.555186171391229,-1.10593100621916,-1.23038176215199,-0.741577714442687
-0.0296695139681233,0.43671720061089,0.170395973491556,1.27145580922119,1.8794737084089,-0.820454406160163,0.706486265049802,-0.990089195058176,1.24288899817098,2.65831644073376,0.520951527886207,1.66265501422578,0.357227431870627,-0.233077710685438,1.20241979575239
0.285551982565734,0.587964741586778,-0.246852622163309,0.608909608466221,-0.763621141483293,1.69746561719636,1.13818739813019,0.892739376220642,-0.599729766044558,-0.235098744475845,3.08663323633217,2.51461798293871,2.06589255038302,2.5081846042354,0.658721910277272
0.566824562691639,0.0118758486952403,2.52863021324017,1.60043204761428,1.32898552901584,0.965868718089073,1.43334800970603,-0.223655984425615,1.98730087271109,1.58536013411671,-1.10207240574926,-0.941133610711933,0.752959861508521,-0.767568214750284,-0.201502232008206
0.401237202505765,0.603945349666154,0.347847823923119,0.643936150814295,0.0331541213683774,-0.639674156288956,-0.168456566119301,0.668755115143335,-0.245817043824981,1.90582347279093,0.243229518606813,-0.168898558630338,0.346319856768524,1.20248696606038,-0.0981554264533993
-0.603776168722691,-0.689298284997761,-0.677270348274731,-0.649955784699946,-0.0444874475839791,0.524108133321206,-1.31384677532992,-0.065884194523762,-0.0342458540665828,0.488755848288931,1.46356293279154,0.69283269548633,0.43817144720912,1.12297397807094,-0.302669353650649
-0.949267837265467,0.181683702487845,0.249141797865426,-0.568539018162975,-0.76900248413618,0.0524758786675032,0.48227792586019,-0.818170387445964,0.468038679689555,0.562059041224722,-1.15354442272726,0.13600598045829,-0.841439163505204,0.421640386254738,0.507607920926455
0.913919808168952,0.562527001546863,1.0117569304957,1.00805882081405,0.529209807600234,1.30899940601941,1.08140480724426,0.444355217261516,0.646629969150146,-0.142262367695069,-0.140216300406892,-0.719432258186589,0.829273626218099,0.480591587317318,-0.089807544166154
0.378488106910535,0.907725854540653,-1.06329781857741,1.54330074361579,1.27799219580072,-1.48151275668543,-1.31234103114211,-1.08903363490295,-1.47095430710088,-0.698454054896705,-0.299764837692205,0.163836114124278,0.752673811988672,-0.518561001208811,-0.0440819280149955
-0.325940934024607,-0.13707695690288,-0.338449987760618,-0.301222996030915,0.452885830995879,0.301056847602851,1.01219134013648,0.1938788807689,0.311346587609691,1.01773860371898,-0.744482427253776,-0.128477568405763,0.408303105600306,0.817301938032574,1.01683052410254
0.0521206372264424,0.664844729811488,0.631351644688003,1.78092392905225,-0.688833570485226,1.46724838931338,1.32198663347723,1.09123581473478,1.14187962853871,0.640747507567762,1.44950798346673,1.83255073575112,1.57024569724768,1.26900137603074,0.792126693380862
-1.30241055970811,0.280568417640083,-0.733903310539639,-2.09922817697754,0.342946357432631,-0.613063947574571,-0.440421916466697,0.0482874034604986,-0.817234696603887,0.512259075759306,0.0507473124855432,0.163674157526823,1.18960515840821,-0.380290252510595,-1.37941301395086
-0.776607834998359,-0.371751169258284,-0.516744942042479,-1.06939795196754,-0.310271651590272,-0.183255758601695,-0.851068373142096,0.111897151988495,0.230646885508484,-0.380263783795751,0.155471080339861,0.906451012504391,-0.90439856937356,1.06201863562573,-0.58385373284273
0.560178997131286,1.25844563249454,1.51360759580302,0.879645386708877,0.668844456049043,0.927168769445669,1.90008502823995,-0.311238836532824,0.9431448192851,1.82671856791376,-0.29135705563317,0.93722528089292,1.4535824078599,1.31382117028448,-0.759822258901499
-1.62755748145128,-1.36588926568712,-0.556578681494635,0.188717268985311,0.12401452692002,-2.31157485490474,-2.54431976423544,-2.06303016473125,-2.33455896153825,-1.46856059595097,-1.40060321218051,-1.18263149983952,-0.200031211830247,-0.122084754868413,-0.0573836096448739
1.17077177418711,1.82129656929901,2.3914981444576,1.31878859105791,0.189048321757102,0.782134428120392,0.177936200092633,0.37113480182709,-0.460559344518051,-0.223442747416633,1.55430713734765,1.11802543731259,1.11422415767125,0.465781868155325,0.595556815850919
-0.924345467435597,-0.962142903643399,0.293387195771436,-1.03081883575827,-0.597839272479325,1.10251273556007,0.0361058249582792,0.444596157178506,0.974492379684468,0.278275289053671,0.611970663650539,2.29113978362482,-0.445694502041932,0.550458221495869,1.36420584687681
-2.60392013080851,-1.08022467049617,-1.20162779880461,-0.318672084028572,-1.17912248245329,0.433557202107887,-0.429050290289553,0.0313750983742894,-0.791743351206747,0.433171048248015,0.0805537132883223,0.17288354013643,0.0838168230229823,0.0222471594871671,1.1339039414385
1.57550035179775,1.45675282234129,1.37300255170345,2.43925576360215,0.0525020563749968,1.79090247877958,1.1381701079402,2.14969888592205,1.46699888258967,0.703022003084629,1.46552075566813,1.53192432659876,1.10153581595688,-0.522504349165754,1.79576533844574
-0.976577733365517,-0.287325953680664,-0.228346695887456,-1.52299162904418,-0.358637328983313,0.151121839320411,-0.918648620503188,0.033062788704905,-1.09095034084094,-1.03857699688969,1.17056660571346,0.50573011580785,1.26281982760911,0.817433312070571,0.873591254130932
-1.12784747359833,-0.33492630857754,-0.0312589406024631,0.722924127248881,-1.03557994334168,0.163274796573482,-0.256325469340592,0.300113947347394,-0.936325161337377,-0.393356368037973,1.418455034987,0.701989553991726,0.042806356370946,2.00909182556102,0.346715010299346
0.393303635821981,-0.0584774424982136,0.380756392018097,-0.487947466887377,0.674355274485058,0.847203647172549,0.145392420751679,0.866330024079411,0.0140477609706229,-0.620463425351557,0.210792250329599,0.552960398852605,-0.792928519225686,-0.772487514415219,-0.552188202671802
0.0646322545569351,0.0504375650460983,-0.459055399492725,-0.310946589788722,-1.44283877245298,1.79162081225765,1.17147066814008,1.41826841584511,0.418781058172482,0.173506779122638,1.08797827617771,1.30633514070466,1.61760893988845,0.164067420790666,-0.0824016541474025
1.35704620463743,1.1005062577347,0.442117048077,0.349414637011266,0.854798189704132,1.10297691975039,2.4582247966103,1.12736918457631,1.29420582471058,0.453359567320826,0.54809246327544,1.04999255738808,1.26461459097773,1.4159048834658,0.986211880795297
-0.198790555719955,-2.59925586932635,-1.34886827591072,-0.560294248516195,0.434427547209156,-1.32811616565944,-1.24526850822391,-1.06270113112696,0.874488132382851,0.240574238337686,-1.46817423541827,-1.35196088281996,-1.5132742863541,-1.4793286357583,0.195842277250042
0.604188028109507,1.043574933064,0.508867022722332,1.29922504243718,0.0522592290575585,0.405714658330505,-0.11059659065592,0.749484256744008,1.22075495390027,-0.829533197741629,-0.623742928599779,0.565063970314812,-0.319509992000669,-0.858021559131334,0.260084520859422
0.517157891096502,0.243715387286157,0.80086720894708,0.660017851072127,-0.382796967833143,0.334064002850801,-0.420284505040543,-1.28819543720066,-0.117747820092317,-0.92996034153179,0.185168523705876,-0.82642428191924,-0.86605459829383,0.0159527057895289,1.15755145952656
0.121566934945351,-0.381087979135134,1.33772340493055,0.448437960819815,0.787196326669215,3.1110091063806,2.5955532187159,1.66955208649577,1.56639922765646,1.90893493989013,0.327554063719728,-0.531898690670019,-0.470527689680332,-0.347334128424617,2.38545520052621
0.186399219575745,-0.133573060942977,-1.4832919818122,-2.11652521588706,-0.106940273524004,-1.28602288774596,-0.651532830648541,-0.378981557656521,-0.475946577303464,-0.20468611300126,-1.50976011547641,-0.741006413779811,-0.907928212751474,-0.525040704553253,0.919264592618071
-1.58597164045597,-1.18415165240954,-0.770049718775332,0.567393468696443,-0.966687803746883,-0.648901000921816,-0.346458634115658,-0.631717415336446,-1.64657663041574,0.784786416277101,-0.959227826574214,-1.48430529852001,-1.75076807330405,0.0865950051245299,0.754998602627262
0.298465010407216,1.64509675419859,0.388983733865689,0.408098130285906,-0.124225736414182,0.388339394410278,2.04070989013914,0.177896265634224,-0.407209095968008,0.230052339076671,0.461835363673117,0.0374647407467854,0.10358428654992,-0.302845863374041,-0.287755465723401
0.161398109253799,1.28140794619583,0.500737815353578,-0.844431235470148,-0.534885409431415,-2.4253930516407,-1.92198046524765,-2.13703712070783,-0.144654220675388,-0.706469468528964,-0.605473057897363,-1.18172354949951,-0.262112977263135,0.693364441848426,0.365788912803338
1.50259300669371,0.699546952727473,0.799002639843119,1.12427830354695,-0.754068409590417,0.740498309244162,0.554423122209776,1.51126046621248,2.27716416226593,-1.13193304340007,-0.188281456456104,0.336696037416141,-1.57299012101315,-0.74467898584315,-0.172339134513648
-0.508854634754526,-0.898669472492681,-0.460558096498509,-1.42081547979897,-0.466851196511627,0.683292665461148,-0.352449470101115,-0.223971084089966,0.123942202592867,1.41470414855799,-1.57921551945688,-0.917228172221789,-0.328541731035169,-0.104641739237647,-0.0721650339045024
-0.770815210583733,0.384767968263427,-1.59794369126586,-0.800250612459712,-0.0760877111619262,0.113698791382717,0.305458388192141,-0.507849720645249,-0.146863194031501,0.763499815259373,0.865047019984209,1.61196552783204,1.87264799399914,0.436741557004852,0.626917103468295
0.364044119088843,0.371684589692116,0.153011259773329,0.0330762181090096,-0.586238096621464,1.22865175664686,0.75376857149121,1.79184630287729,0.15240354986624,-0.3838904010926,-0.257575921254953,0.673335426108683,0.0222005630466549,0.583068206346889,-0.566036469690518
-0.0431259988416101,1.69018761702115,1.70555967962012,1.72584221656562,0.747199194078329,-0.303238323101023,1.05538577975658,-0.627957213737153,-0.210802528150267,-0.0781370234962931,-0.245171701564818,-1.03313116284688,-1.02712636979539,0.470584339594654,0.911602364261535
-1.30063605283071,0.500309615998235,-1.42369261490129,0.572333729884359,-1.54463844087844,0.186567761853239,-0.391779340735362,-0.19389740873265,-0.764748069095671,0.199012127449327,-0.680628811970298,-0.690703754599315,-0.5766849012083,0.110699803640124,2.31659894936269
2.64794706810317,1.05964151605623,2.67436327772352,1.20712611886893,1.39078283623293,-0.306340280664278,-0.828448381092143,-0.0186190638266959,-0.842004667298453,-0.391663959274636,2.14155507156525,-0.111117817658903,1.1333752583686,0.531233749456397,0.946996086998314
0.155618556088063,0.615100631022503,0.971994884359666,-0.17702703239116,1.05468639771609,-0.00205867724409386,1.24234536796602,0.219821566357328,0.19632512430905,0.4126561579161,0.144529857068992,0.0541100292330363,-0.4064987424193,0.479667860710004,-1.14070943102326
-0.422354830182325,0.32811361077622,-0.900948281430685,-0.422907088596612,-0.971179115584412,-1.41316930848132,-0.941702499886553,-0.714492069424854,-0.284035190917872,-1.6481394422781,-1.43277318235462,-2.10696511458007,0.269013793333463,-0.354014711139973,-0.129276049382762
-0.8754655256759,-0.767086432246271,1.63143759433868,-0.679872628290505,0.741496394562133,0.511794321451161,1.16907125758947,-0.226565100700013,-0.313302859378762,0.549365535181865,0.0537071341761624,0.26452272711591,-1.17879177112254,0.0237953596018225,-0.458779156328316
1.48035155455387,-0.362719133215615,1.61363643940153,0.0595576643253837,0.288768257528389,-0.507520190597941,0.872409993271541,0.623161525555603,0.434522007140278,1.05879704429282,-0.214267275423866,-0.93913855478284,-1.15654111938297,-0.538743640776323,1.1937440991113
0.0631635029357093,0.084893648444687,-0.0274686180617582,-0.601806430376685,-1.89759616900239,-0.174592761140311,0.503524078186212,-0.271445828153416,-0.783833533957996,-0.742860410120482,0.43905250710771,1.81765951844772,0.825664704592963,1.06902728121787,-1.38198216333896
0.6081968525159,0.30310282644879,0.8381153548004,0.266479728907487,-0.847762155437069,0.0407979194917977,0.249511273253074,0.715237074828084,0.763791428319479,0.979877035877666,-0.391505170079663,1.19362031955191,1.10999993099309,0.823171816172926,-0.244338206795118
0.1634858972523,0.869442588408849,0.759519319988695,-0.235884471794304,-0.196797446271282,0.754528335164591,0.515418083495292,0.485148661427831,-0.502964087522428,-0.316956254259311,-0.0302898499847526,0.0291471346614284,-1.05829902306119,0.0418179720254593,-1.48249582401342
-0.60231955537666,-2.35652188182744,-0.651027607652768,-0.174816180877562,0.117645205542777,-1.95501136889305,-1.41863231761115,-1.61477721961994,-0.656432126310923,-1.3102292556374,-0.121663981994406,0.614805801359231,0.228011491896508,-0.746540654352702,-0.982759499087982
0.428155041678374,0.6896603637293,0.230693670483495,-0.149932598063258,1.76160698293451,-0.998829907593672,-0.496816664389863,-0.60797776329672,0.466179133877945,-0.805071089750279,0.91345807931515,0.230992718296693,1.21094202276953,-0.674380903165073,-0.0305835077960216
2.20405004628642,0.268296649715328,0.750415013248389,-0.736327201089532,0.372522357436496,-0.875300250356165,-0.220757509736446,2.107832620975,-1.02511485267635,2.16102739691645,-0.678201073871123,-1.53706614792691,0.621183514100351,0.272513427168723,-1.1288456242709
0.0944368601105048,-0.0397575853832369,-0.626890404040771,0.647139582663214,1.55133211190754,-0.337137730469754,0.316435887962212,-0.390077313479445,-0.287929416916519,0.0100138592182618,0.434668528905751,1.25844085934417,0.718986756275045,-0.629255197025691,1.0144365801276
0.185943981734836,1.06680836080269,1.03097876770581,-0.377117620418681,-0.0688797781090159,0.682339940475641,1.3927786854287,0.986687808304547,0.132295662287004,2.54560151575415,0.935647593557388,-0.992534764664283,-1.34008393203011,0.15355861707377,0.730725618438438
0.213908620448417,1.17192861845508,0.264480127824099,-0.66770630129033,1.17967300649058,-0.0879976453701707,-1.21384324841111,-0.188327321191749,-0.0169477806838011,0.0119883456553071,0.970179325172982,-0.270878641848096,0.656105447887375,0.641760964814471,-0.511758086955141
-1.0773641096467,-1.23045681316991,-0.942792286229743,-3.02457260901733,-0.618775103739652,-0.481089466472376,-0.426959872113146,0.452485870675654,-0.103071046160821,-0.0278017260683165,-1.92197348280929,-1.02300159943476,-2.05489764513339,-1.22970406430464,-1.88382389699735
0.886683638007755,-0.54478783772274,1.05915764351014,0.229369497079969,-0.0381378637893929,0.368755138235391,0.426470669866479,0.412751826857034,0.987054449129786,0.773384453652718,-1.06481742351941,-0.379141019721199,-0.295926608301341,-1.60473800519686,-0.64115283785507
-0.785052027968586,0.424303567924362,-0.961790354231802,0.264057095476386,-0.689690101137729,-1.21339860869954,-1.2006877688515,-2.33585474972815,-2.17242286772938,0.28192862816327,-1.6270315864139,-2.25178397406893,-0.792355175224239,-1.15643191342708,-1.88483153298752
0.435559291050834,0.222593469293478,0.701243909593518,1.0479045355548,-0.922838803922251,1.23306235066824,0.94402416835932,0.413546815096362,0.199572340636796,0.335313932340321,0.939270686955307,1.01063635034211,0.0849294695448705,0.935944237685893,0.249122520708084
-0.179128661690549,0.318973527071362,-0.670873801841053,-0.702435806465927,-0.102680646031232,0.942933117160706,0.270172138134806,1.48025986756215,-0.0846004522188279,-0.225954046271159,2.27882357487572,2.33612501762031,1.62419853783356,-0.535280118215878,0.311446738093954
0.158573406878885,0.586928826565575,-0.792535774401997,0.336586397427563,0.626828946494877,-1.37174544098401,-0.291983770832328,-0.152991095436325,-0.857797355954683,-0.547075648208374,0.550100834866536,0.164543471795569,-0.212577134587679,-0.842751843997707,1.32483412609308
-1.5825509532576,-1.50260107233702,0.110216615933499,-1.9272123204058,0.12188218821633,-1.12281464724052,-1.16181904913283,0.000418462402483222,-0.293194703859263,0.330388543810861,-0.547565345516588,0.0354951710483313,0.390448944788343,0.487658495252094,0.86158867840969
1.29373982309495,1.44314909903116,0.173834304177053,0.823195979929245,1.86261816544796,-1.75234736613418,-2.28996898344027,0.167847689493826,0.110948958573364,-0.909603833649756,0.514534381432418,0.0463679801138835,0.671724001044015,-0.501586255904392,-0.261458617535816
-1.79963072132934,-0.927118085862984,-0.478449261633314,-0.168585563188621,-0.346333841799176,0.3928868232893,0.0804337251001104,0.667281882995643,-0.873672036730586,0.65529437594952,1.58115806344674,0.567402801567873,0.769253656031805,2.00512008711335,-0.841929034738285
0.336772491078669,0.687484683162668,0.255535141321471,1.25401034656695,0.406218432383851,-0.630819387212911,-0.741619501900143,-0.479351136076481,0.0602403281177693,-0.306959005468352,1.21951152722202,1.10153439378544,1.58318737473919,-0.782363219472068,1.27430290276938
-1.30186355787373,-0.472762668803555,-2.21167282391732,0.131272544557863,-0.347525694531465,0.274899326637306,-1.11270107909047,0.833677359498924,-1.97901227681356,0.579836631403472,0.201364553171765,-0.183407820623479,-0.796959653896339,0.70412578024867,-0.0335795406101851
-0.0111657953062489,1.26253715784872,0.889007909660403,1.21568076502621,1.3627897893346,-0.241121004229779,-0.863341955947676,-0.194125949414832,-0.819946456843559,-0.595950813415554,0.591976864332726,1.28235776340555,0.205214694628082,-1.14983653903092,1.7999982782119
-0.306163923738787,-0.204193924480563,-0.996082874846424,-0.639563415088046,-1.19198253112613,-0.44501761707702,-0.350645103097497,-0.261933448651782,-0.204332633015237,-0.089879056185509,-0.852853370018796,-0.350528016105438,-0.00604555960148603,0.555667803250942,1.40417495568639
-1.92911837547086,-0.61811976013047,-0.503233679095436,-1.25413451813455,-0.206413035642363,-0.910876516784622,-1.10643518234104,-0.232736049190468,-0.34505800691942,-0.0815620933079708,-1.09254525394318,-0.85190989173017,-0.786616966557845,-0.704256705378779,0.271398843546147
1.3043417755211,1.54518018459195,-0.626835341089408,0.136096178092607,0.486429342337808,-0.367045850200811,0.770866503736414,-0.0808105471063814,-0.18820125370608,-1.46006932729244,-0.540813769186474,0.654329468544463,-0.385317844528368,-0.0648102069274138,-0.758931440607309
-1.81371315718038,-1.5277054783445,-1.55751207174651,0.728700660463192,-0.781174255395602,2.27641228952492,0.750103765344557,1.61439518748135,1.56081008630958,0.673465409625291,0.00904765908209509,-0.560228112974257,0.273757696872686,-0.323468072841712,0.86907839286795
0.100161132808956,0.960663369556399,-0.681388761847626,0.374099975583583,1.10405634424618,-0.231571724088166,-0.219158743651218,0.177969970577587,-1.22978555762932,-0.371196920947502,0.253279889773893,0.417596338456539,1.89595679220183,0.436911633477989,0.968806844551683
1.44504726273786,1.97053531247527,0.41462923391655,1.45231798362696,0.0446828226052481,0.42659627580379,1.06844404825453,-0.229701430418284,0.580230114529293,0.62158787402466,0.718599963775907,1.48758167766746,-1.25013534424119,0.896417796686811,0.40619404249076
-0.810445689807313,-0.478836100516633,-1.55706951928043,-1.01012137054846,-0.607092438872249,0.374786582071159,-0.441872911118924,0.170758929558092,0.486520266123641,-0.103597460834959,0.11300845322769,-0.163215224722992,0.029090149951917,0.230435334767523,-0.159862847966849
0.326783971547162,-0.21197491728832,0.0269572357039386,-0.155248311216822,-0.151157042137142,0.298018988895345,0.546530087807812,0.254695631747773,1.70962261767394,1.91322633436002,-1.11568367094981,0.0322058953423053,-0.839346805126284,-0.647868796616021,-1.43113804548956
-0.777919671619998,-1.20777846441162,0.299649023377337,-0.677438042930201,-1.34740557371014,1.0677933034507,0.0666840296180034,0.099530829718949,1.98385671348452,3.43378997802314,0.76786713226021,1.09305787716536,1.37341603916892,-0.0607897970714696,0.00383616644289045
0.570970904702491,-0.575487674201227,-0.0382074386543347,2.71773214796507,0.787320871139784,-0.712611599608079,-0.332730172352903,0.474853451471934,-0.00167461387954011,-0.28579108433066,1.14580786097866,-0.167574503452374,0.351329742676638,-0.379612821718114,-2.19334816135418
-0.77868046511973,-0.597867247877592,-0.0135749162220005,-0.0458246492960848,-0.459140897271993,0.219999131253987,1.37291299589333,1.13662091370093,-0.855673361559804,-0.50491662456572,-0.844358429693024,-0.446293215589607,-0.465401028759125,-0.253794532024248,-0.564166365064
-0.0327666283442672,-0.215814515369849,0.346035885331633,-0.0399464152575491,-1.03544924673335,-0.545784422590048,0.646460620889128,0.255614539603946,0.172964282619934,1.44472746601045,-0.64218747580855,-0.0389905732380973,-0.610291288078958,-0.0687060922228237,-2.39647302184313
2.35780799212535,1.73591507307554,1.71762549020602,0.866953190902132,1.31657264843123,1.457279153627,1.22445902491277,-1.0492961801666,0.977213084403417,-0.145714047953656,1.87647600196162,0.715964172575085,1.31251131605702,1.25875464362694,0.84862640002502
0.249886101562657,0.062671937704574,0.814179209775445,0.852955323723293,0.065869670762174,-1.4888197533343,-1.2328735401563,-0.478152902232348,-0.41967047092573,-0.303606209867947,-0.602830098268287,-1.02804568978374,-1.24532660002928,-1.65858860927478,0.370738675924599
0.656822895709309,0.38802610819383,-0.438375155214518,1.7618823659177,1.93676401677551,0.388434818515295,1.98210544503758,0.588273417472834,0.208707766113726,1.63411574388602,-0.0533902842701408,0.743379998007644,0.0125679907433593,0.20067619069142,0.301478321173246
-0.845796942029405,-2.0367942416753,-1.2224248371178,-0.823762471099794,-0.431286235383656,-1.37686786633136,-0.945048492608352,-0.597094125594382,-2.29003160995962,-0.484044766307821,-0.706139077134456,-0.955769499931871,-0.154640177849655,1.04997681302002,1.07210574215036
0.445705298011193,-0.3814326528694,-0.72817169677969,0.178553145691518,-0.897075577110607,0.704488913327962,0.0957673863653673,-0.772944580030446,-0.116831096084503,-0.753519049862636,-0.0506895133830826,0.355473188161906,0.405268119948197,1.64398388560168,0.729357574157638
-0.531429498667976,-0.907039774554734,-0.0493282109030664,-1.82097350539469,-1.5157470920043,0.0391534566648219,0.0286452120294796,-0.108553496483562,0.914780024402022,-0.139693006533956,-1.22511013064879,-0.797526344047772,-1.29092270989122,-0.604899775810301,1.04984334395339
-0.21620440619603,1.32135676740752,-0.30018167702209,-0.361166240687689,0.204813577602862,1.83587154258245,0.974835328220084,2.73523038513136,1.28916206687051,2.21439986100553,1.18549641077156,0.931921995612767,1.06618728504604,0.74232112510752,0.905798808271567
-0.282555931429258,0.280346379675165,-1.73863813334556,-1.46946598805506,0.901295674873178,0.619786110125989,-0.412093356284676,-0.574045710786746,-0.614720237173785,1.59051795422517,-0.68600018692074,-0.137535709149959,-1.15393338180094,-2.2215009055848,-0.170806382944643
1.3273951009621,2.3800651334495,2.45921344921314,1.92377292447376,1.58433626342231,-0.415861604083183,1.03042209798898,0.649309381746925,-0.964269510428587,0.231604177621729,1.33136046336994,0.942016848051828,1.21240838322718,-0.952369151481231,-0.891139124566329
0.17904165080981,-1.35810746670587,0.0275943111549337,0.626225962176724,0.886950678486044,-1.25159115000721,-1.43108728787818,-0.792315769096051,0.56789239293602,-0.442525439119881,-0.339551852181515,-0.688128009809344,-0.00545214916975154,0.106721881084126,-1.86150754988669
0.516475553843672,1.0319201161003,0.321008063248749,0.177733170828096,0.0833212201852169,1.25561737451832,0.480153948452054,1.91915112840063,0.697147665822996,0.399207420881381,1.08782436097834,0.945374516722497,0.15520172356735,2.27267344982547,-1.34326445467212
0.107519639699454,1.31637807640579,-0.74149897647362,2.03923814652652,-0.124315968681365,-0.132609586341842,0.585080756521595,1.55625605071472,0.224580602470701,1.74732223911399,1.37439970517902,1.64417935805167,-0.0570947310647967,0.14809892520186,1.28861583357717
0.9742262742519,0.673765645884841,-0.802033623284955,0.370227956287096,-0.854100271156948,0.310864774815971,-0.0626463315107498,1.52147269826272,-0.399190260493991,-0.448142529020668,-0.840554629316692,-1.36603745106133,-0.43549328264479,-0.599942972014845,0.572140953468108
0.518636709419093,0.0962969530647083,0.300444382384724,0.288938534867189,-0.683405759258844,-1.14878297010902,-0.874873334577748,-0.663328972974583,0.0407952241175833,0.797542733228241,0.442392981111635,-0.387067719391135,0.471410022394656,-0.286090561969231,-0.226536906318041
0.400858283395405,-0.375038138225446,-0.30893537215138,-0.133262267732837,2.21730564594791,0.681312200136328,0.201431122865809,0.502597221557573,1.29065103362623,1.09008935512694,0.411236410618533,-0.451447404996041,-0.32917503958996,0.440777977852458,-0.362312782839951
1.05435699560733,0.774029639373132,1.75419261503451,0.725538304942785,1.13075963168374,0.704354449684431,0.650647418652257,0.646030784849009,0.286046499534433,1.37394648302895,0.296978654114204,0.16330436716515,0.933980466500099,1.68136179900026,-1.64351581743107
0.171848606188821,-0.786544417783709,0.0408111905015781,-0.19948588805225,-0.24861976025495,0.613608871733953,-0.0503429799487749,0.795551077691895,-0.0371779804014286,1.71907391863431,0.115790984663787,0.563277281822159,0.248855786541884,0.142656746323336,1.81892554743001
-0.230564455232375,-0.144949744085308,-0.0965621388864304,-0.491202876233506,-1.20056688240716,-0.675338191274883,-1.744923636311,-1.64118606874212,-0.629494550600772,0.103527318038569,-0.119561264442353,-1.44040201206541,-1.27387832159803,0.0967787967741223,-0.550776182565421
-0.51493076703937,-1.69833602841393,1.12341366489222,-0.425127763389599,1.24483645358985,0.861841846690401,0.759196988769096,-0.0810676462708494,0.438927259909194,0.803329194529586,-0.0706465815637397,0.495694500513911,0.174668208911544,0.293299100995289,-0.647710431748932
0.00795020878483554,0.299564045368652,1.32623366631995,1.11689309187438,0.151955419227687,-0.739609556808638,-2.55240145395977,-1.77509087383759,-0.145196354607017,-3.64609518503485,-0.779965239775417,-0.706321215117026,-0.374624550839994,0.635431304580993,-1.78749679835782
1.94407959615637,1.18759574353178,1.15945199957589,0.446881213659388,0.578458834684671,1.10008998197829,1.22002868722962,0.895216934598163,0.702129885931183,0.182761602067403,2.17053655741334,0.364969989930131,1.64555673012042,1.02618720333305,0.875417775859866
1.15840571749261,0.27850131493951,-0.103804842769019,-0.862379175049973,-1.20243959134938,0.743413374362643,0.498631089695515,1.03583381570932,0.935589495155813,-0.16979488543625,0.00662704896505528,1.03384549898131,-0.177063293051177,0.488041961605687,0.959834489685493
0.484530443342384,0.316257896068695,0.284420006147198,0.267846644220999,-0.419634661935986,1.19230609319529,-0.44657389883013,-0.148108941514579,0.273531230436313,-1.10872822878231,1.8591095156843,0.734050366269077,2.26850142988552,-0.265312962210943,0.0214520775739012
-0.563277250977744,0.180671576732352,-0.222066971523589,0.675604784415984,0.180721363088242,-1.45610058391318,-1.6649764570042,-0.709715955566775,-0.322563804836545,2.3715490544521,-0.563412275827768,-0.1832257117391,0.985536840036543,-0.72838500584547,-0.738557692855079
1.2470626872904,0.845514509390634,0.760540869221355,-0.81617571063512,0.707750343956268,-0.174560110307865,-0.100607319616142,-0.36787494062248,-0.145457192107965,0.839935738925243,0.561042806526179,0.111459737732791,-0.132208140405015,0.433054327849052,1.33492427505861
0.753239291359214,0.442269132862069,1.04645574367319,-0.23072840853804,0.526348330028538,-0.803819289834273,-0.261368706208079,-0.777485414481037,0.414752266070347,0.574098404232765,-1.41843143507222,0.48450793495151,0.166049570448301,-2.24212765304533,-0.839438018387731
0.151899259089902,-1.38322960822299,-0.631074167903716,-0.236696427025948,0.86150954523711,0.931530018884274,0.784799399890797,0.526788795516984,0.188795376188915,-0.125872019967419,1.03126552907545,0.47119513542061,0.438321921314666,1.0740616957626,1.64760517079873
-0.628879157649204,0.0246204191931249,-0.762967596549802,0.913339126118822,0.339479308364911,1.19662591345337,1.7747584911446,1.30967026549688,-1.59102099435451,1.40764616958145,1.88191449014083,1.49091891062942,1.27736145716928,1.51384626638938,-0.253430971938631
1.28895254282021,1.6661076805076,1.06325945241468,0.605358102591993,-1.51713005752763,1.67560604694494,2.32357077970954,0.828062414119618,2.00144112659963,-0.612027008222746,-0.0386303057305838,0.831185090382028,0.962736226336689,-0.0769893307930992,-0.117964342817773
0.0686088374376889,0.415570703622217,0.0782726352744358,-0.565214661686872,0.980338159362282,-0.802281746198291,-0.610757255967818,-1.71404675965424,-1.62837316136378,-0.184032421401818,-0.315892714002212,-0.631056278979405,-1.86371289471296,0.895954907838167,0.782373833765658
2.51006178147356,1.95942080876605,0.790990967437456,1.60268916762659,1.25098864583957,-0.704782050900678,-1.0426272688366,-1.69690841815615,1.77588106139994,-1.11525887802629,2.38314589847082,-0.340065556758022,0.980153341044256,0.8645217110666,1.68387763136445
-0.0214253110533604,0.483280837558177,-0.778007209546949,-0.291292091473149,-0.222121682599117,1.10942193382029,0.391820913670194,0.658748903649605,-1.03225574534225,0.634998335085103,-0.244075084714472,-1.66167970984346,-0.235527037734442,-0.101983201316147,-0.429728428962967
1.35475243163469,0.337929935688731,0.399218906088448,0.874518149006192,0.356405133899717,0.00944705733816259,0.132172650519124,0.188089735494687,1.21541363457748,0.816074522981974,-0.505850831815782,0.174295058254438,-1.30631833045607,-0.900203235562645,-1.28081810780575
0.451952618412388,2.27182924993579,1.65511254581082,0.73044744649846,0.907106899250641,-1.29429258746635,0.777893390851682,-0.0327754425063287,0.927797166100094,-1.38522142773614,1.15476182378102,0.857654593068607,-0.0449456456080402,-0.367155177021742,0.231678668892974
1.58891024973464,1.47067990629322,0.248785559607394,1.24564927124724,-0.185446376773629,0.476667295685855,0.334011321447325,0.186650002159391,0.0969140931322059,1.75192593262191,0.87737696922714,-0.170522415819656,0.982049664268894,-0.200644009909904,1.16296459404058
1.67235392936383,2.671014146914,0.898895204720472,-0.534853120326839,0.673345531817294,0.816513885783591,1.49467739874763,0.897659374182985,-0.598126398282716,-0.401426025381531,0.971900147672196,-0.26061283076029,1.48302437469464,1.79036355445123,1.38344123934687
0.100480332918594,0.275430889643581,-0.996013939045892,0.591934809171896,-0.225395475936987,-0.449533596774469,0.623109973738419,0.786690631085522,-0.390836158007908,0.748693669359459,1.23204270330151,2.11135344236236,0.915856292397022,0.577862992870432,1.06966440613515
0.00810134685929549,0.430212944807026,0.492757434168314,-0.982726790761846,0.325555937275058,0.0749138524931452,0.190916796688202,0.865057287881764,-0.169160690916264,0.401864100320224,0.127218082656119,-0.0501659049604173,0.049093496646641,1.0978560825858,-0.46435978681278
-0.0555588425712739,-1.23954456777215,1.01114371166768,-1.2776666386646,-0.378396655046663,-1.35041220709358,-1.0109105835983,-1.54861640643578,-1.42869898450248,0.278517412425229,-0.8808117851297,-0.736505389946952,-0.284632540227949,-1.45682178101723,-0.598029571290267
-0.621248031543913,-0.69603123994767,0.005543502998952,-1.88645026075363,0.0463011171485034,0.361557982926679,0.640107009121928,0.493993503557301,-1.47747409218302,-0.949367544896506,-1.59199656585211,-0.678794702746117,-2.08096080380753,-0.333026581639189,-0.39781487014301
0.750650527168878,0.455299559392077,0.780579379122663,0.0629942398548197,0.0299584474068706,2.14476668399458,1.29592557079193,0.767609602745645,1.66971045768516,0.75458639460657,1.20771297388571,1.3649287362815,2.31002195277498,0.857759502401292,0.0233312201568395
-1.20529859836263,-1.6088259051975,-0.84854815753814,-2.23458682460251,1.05193840508767,0.672701652852427,0.112192735894454,-0.787838747289363,0.787814055312982,0.221589772020207,-0.513037181074844,0.350595493887882,-0.192729661176484,0.050973519811841,-0.289586987186536
0.652412510957137,0.063492734918965,0.434260697242918,-1.44942885886171,-0.133270391237171,-0.407868275582729,-0.250024894569701,0.0448037131304209,0.691996970836746,-0.625502506950599,-0.471696437766858,-0.683606034492419,-1.72678121560551,-0.488321750773693,-0.503174794639849
1.90635089418996,2.17863237259607,-0.153658598545077,0.770392221328837,-0.174416923474224,0.477436423752951,0.465759954018559,1.24968711408015,0.544864723046948,1.51275883093083,1.12903335528103,0.0471978112891065,0.620892374036999,2.46892519232513,-1.17054203192185
2.59886896441191,0.588359089972501,1.29944534649343,0.988799992893329,0.478974773472203,1.26929784386004,1.97402265228979,2.2958670389741,2.03977548008146,1.7026030349362,-0.0465477327535585,-0.157443331365178,0.676854642980293,0.662904337055745,0.221585066041268
0.33032890877584,-0.0733370901317932,-1.35651309911495,-0.362913647433683,1.85221203148142,-1.15353791164424,-0.607417262913822,-1.29915869984269,-0.138698166054768,-0.039967862871076,-0.963477215325296,-0.47413751578317,-0.767568447327635,-1.00290417155704,-0.986196621909187
0.750289044715696,0.787481738363862,-0.0662790625335911,0.521346833752658,0.0317211265180483,-0.870426951504622,0.518311510897828,-0.594950000838317,-0.262836236709579,-0.305883438133139,0.0264802222417474,0.647451065995288,0.523489704974529,-1.02457395670687,1.25007715371773
-1.91088548628156,-1.49091210376238,-0.710699153897497,-0.786167826186814,0.456485519537879,-1.90872850304928,-1.51811304737736,-1.95241060413556,-3.10897133962062,-0.632491574435753,-1.95314855540379,-1.25601396074625,-1.19220878478062,-1.87298282724557,0.527683020728755
0.108639144651813,0.479960661777961,1.55821443510193,-1.19304774714945,0.684167912837116,0.351942506099472,0.762794998977273,1.43694688928551,2.24757608196958,-1.06288553166314,0.902378593849293,-0.293500850397842,0.25036894982051,1.09588298170413,1.42739157430629
-0.0241144148764011,1.27398500021764,0.120514162689643,1.31814718323101,0.395452707729484,0.31853076302905,-0.145981993687416,-0.150153697069386,-0.108142301084149,-0.118051434726347,0.473335888005303,0.0115409471987629,-0.13601860361067,1.25773370560908,0.31711638680824
1.37113875196563,0.629305790646933,0.575538758979982,1.56241332296291,-1.68665303343671,-0.275833273454149,0.283766604622263,-0.606771976295037,0.505168192510939,0.0151759596863224,0.349117943532645,0.722902083430066,-1.42257437271546,-0.512382233524325,0.249001988453441
-1.10138514588767,-0.511432665672312,-0.986652329982539,-0.44528288303751,-0.761791153083133,-1.06091001194943,-1.01691909399593,0.000756860512854451,0.870870538482065,-0.130882449755069,0.323368698755994,0.819493339052924,-0.861284159459492,-0.638347317461835,-0.254373382693977
0.112404842616693,0.640874955807074,0.407342492439947,0.501751178674915,0.238055901930239,-0.868606218995711,0.0652510638570127,-1.43997154012766,1.30960845044634,0.663705025852817,-1.31577873038984,-0.438708216746909,-1.24035905321377,0.960643607305046,-0.207427147437233
-1.13965903534158,-1.22208922401831,0.736525658285246,0.934384492118733,-0.0882013541328896,0.969688475622859,-0.691922843555878,1.28718524345901,0.86341070917824,-0.715137091784286,0.836498629062018,-1.02147693434925,-0.932881069796962,1.12187233672972,1.01793324414188
-0.0588254186100822,0.21469278934657,2.25039217938579,0.877069420424815,-0.729368927851142,1.37758210601335,0.701046857476667,0.269967335519339,1.3911037768935,0.92968695116011,1.14273235003491,0.217205441312933,-0.0297121696706221,0.270261563833165,2.18206209721218
-0.839649929192645,-0.362940185429324,-0.644292866867064,0.485262295161142,-0.588486291264881,-0.0304908427975099,-0.0429366591995478,-1.54150241892778,-1.23858418523294,-0.351354830458044,-1.89995408643337,-0.253799950737622,-0.497253402712845,-1.35250678151463,-1.27029825381628
1.70736483454358,1.19039940813381,2.30560278793062,1.67137730347044,-0.262516677956085,1.64778455224054,3.18338884714227,2.54150584935593,2.17167035358491,-0.392226873468689,0.885237820201481,1.07476607361671,1.77690995124446,1.95867201821052,0.0961489909199618
0.41568730409824,0.831288106732486,-1.44353451946661,1.27138249959851,-0.545358648119039,-1.29874640558802,-1.85752925214682,-0.436085950668053,0.2911405832615,-1.71176796906471,-0.00885931293357309,-0.0326115557145192,0.862416541118833,-1.13573435729645,2.24494136983044
0.858814216366327,0.649747170747223,-0.819055088266268,1.22719092571075,0.507909755462559,1.09625334546599,0.362718796500755,0.875090845789096,-0.288480074546617,-0.421890903428964,1.84266458210774,0.430629131640913,1.27758036423133,0.959577963181225,-0.0934696337333417
-0.331848290193555,0.303044134829719,-1.00261589262994,-0.000655382395173706,1.05479952645794,-0.234613475382105,0.501616904903617,0.623079537282664,0.524172336628388,0.890135162086154,-0.253190189740342,-0.22607599235712,-0.217901764730518,-0.219528710421836,-0.832397194733393
2.58747017624275,1.4037078597556,1.01795131399757,2.24497003407889,0.494044561753904,0.609105398752549,0.933677097664608,0.108502029011317,-0.736551840257764,0.317725768430683,1.14664908479232,1.18282537257642,0.0496344520952734,-0.57823857909392,-0.0587892681522248
-1.01109373755582,-0.709113138566587,1.15844858629452,1.78901672979939,0.0877236668318184,-0.131501622102946,0.102988805168518,0.256078936733738,-0.107080603606114,0.879894425324127,0.621381611125732,1.09369918272558,-0.0195694084339378,-0.274470752528118,0.637733434642631
-0.160449446496475,-0.741462410402617,0.320667484957805,0.541560733051429,0.785257990048213,0.812336332574467,1.20516784341309,-0.116834261046114,-0.994192221354055,-0.424887274343159,-1.118240910177,0.369139205063476,-0.0687262757125593,0.937839315639815,-0.0398062565318027
1.49506263307827,0.659090312880357,1.30502597213837,1.18394351247474,1.9301903040749,1.40040532613303,1.02177196100842,1.48226075801162,1.33296574713827,-0.918806764051515,0.622312143766672,0.0736350131786652,1.18271109529151,0.449698837582727,0.245712828461768
0.0596749688576471,0.334198271900401,0.123911120668375,-0.477385290594098,-0.404069571658731,0.259125904083109,-0.850374840354947,1.07239781078586,-0.55564813183833,0.785931657849272,1.1146303057174,0.435950170265639,-0.0864731129399045,0.886323079174826,1.0924673976197
-0.0185088588172173,-0.25543113877013,-0.661531285564166,0.0728572220321809,0.521186835498415,-0.103303771671484,-0.28350850771869,-0.473663884595868,0.88707418899291,-0.255701426016836,0.0496254639217809,0.208173585213446,-0.432079651781378,2.13614770747708,1.67504299549066
-0.539170871775588,1.61211493122555,-0.723280151782029,-1.06422239176949,-0.0848425112452809,0.706546649288835,-0.324352336415278,1.07146825956048,0.133999686429173,-0.636104706880573,0.791912464304044,0.669160301729405,1.86868659634434,1.52222077664389,0.988825367534076
-0.342438993609418,0.628448444651826,0.431391373492059,-1.14167929231389,0.926147549493141,-0.723513997886088,-0.341420243359779,-0.0782342996155095,0.831069511634407,-1.16210835366137,-1.6004928308401,-1.26158027584189,-1.55831172708667,-2.14222798126903,0.420251833896133
-0.947744172884946,-0.817172758530631,-0.177330559345693,0.360653713925265,0.835041035014109,-0.007003132470843,0.756134533393827,-0.0427484940330042,0.982823598827909,-0.139929384552924,-0.179917785626932,-0.756970548106397,-0.337224152046461,-0.570813162758891,0.258585519805435
0.085421499840519,0.7122283936148,-0.0401998254350849,-1.67655306724578,-2.10058825653574,1.36572594261845,1.30868077999097,1.13495455177286,1.61024219694781,-2.53530116314636,-0.50384901624107,0.721467560942819,-0.281689259459961,0.648903592673624,0.368655776908072
1.07881234765389,1.96192872221428,1.17744531623232,0.682466743936731,1.60023605129099,0.220829412068578,1.61039182897955,-0.142665416145055,0.669501028131387,-0.706714313958146,0.0648810362498307,0.438530171874069,2.81999377755082,2.01848229544476,-0.0308781442031587
0.452264371766472,0.23729132041627,0.999148123680004,1.41855735165488,0.0413139831759118,-0.833408189707797,-0.465396822385448,-0.483042532378668,0.219078078458334,1.65714495761946,-0.0669021154964425,0.96621252137381,0.991467301081568,-0.800829027950367,1.08191891225018
-0.616962310208002,-0.317034958947962,1.37484410158135,-1.33322174324652,0.280202257459925,1.19089225308478,1.79918089929119,0.957974476657095,0.176408995468276,0.946826115993389,0.832969844390146,0.771540240083698,0.795425964044914,1.25136692177684,1.34704133175947
0.803865766730251,-0.791064064333215,-0.121834089589808,-1.03820893830856,-2.69459740184049,-0.265308706627156,-0.251261478688846,-1.07635793288699,-1.06407109416883,-0.43178104891687,-1.60552899986751,-1.9533288308609,-1.07935717393939,-0.794860977331649,0.737306200476784
-0.0640177770079717,0.34088287174465,1.48155416883201,-0.654084037426149,-0.811811033885637,1.14374199959737,0.948866866862281,0.322991470388207,0.0814047205263676,1.33357908832839,-0.826167910789122,0.710154500607632,0.754239855232011,-0.312685606426729,-0.515019153043285
1.44655164732901,0.61341344989654,2.2138977395433,0.0980839215113222,-0.65871421146637,-1.03024529827207,-0.528432408027565,-0.847909845664812,-0.233659622521468,1.91622031589752,0.239754802318086,-0.336993149654801,-0.492930595038903,0.46343781471931,1.0692700498422
-1.76929865587619,-1.25744242015092,-1.50546325556721,-0.655740391619281,-1.70219516935423,-0.325726840353304,-0.970307411053124,-0.619662834981716,-2.46798118851241,-1.87816182791552,0.325121353067641,1.26586331500489,-0.0683903457533215,-0.243206473850849,0.520425347617643
-0.168331437525126,-0.140793203998784,-0.651659724986943,-0.187884992392787,-0.0390303826799465,-0.0634739149259478,-0.548059893605023,0.337584703896051,0.224056074482334,-1.38676180172869,0.899653539317266,0.180515679845144,0.689102640577453,-1.00951687035683,1.28046894857678
1.6695626346882,0.483186905995519,0.205292170295124,0.245674335901205,1.70030565057159,0.880364298211082,0.959692491099779,0.757628971710491,0.016009656344429,0.042388972189369,-0.269697855398805,0.430523723339561,0.369127524594416,1.02481678418403,1.41293883933961
0.376673078661214,0.350136179942395,-0.469096051336291,0.501459164130531,0.22302055407714,1.10873089553154,-0.406326316578364,-1.40916867999798,-0.365523578449757,-1.60892248465389,0.170964717006797,-0.614326361916764,-0.437392163531726,1.09310418074794,-0.292064065733758
0.52783274758721,0.489299780259148,1.77952045547251,1.35793182630818,1.24750676644159,-0.302963320639932,1.22111837411051,1.86416591999341,0.275479126057104,2.3114592385907,1.33332946686825,1.27429883554198,1.01946316621729,0.800959645465821,1.69902446851343
-1.47048541372798,-0.73055212069613,-1.02148424271404,0.0848196722114701,-1.15077467066945,1.52743991155601,1.12724948184008,1.51868463613078,1.17032553552826,0.577592399050792,1.3086873280468,1.1070491735359,0.734504334262457,-0.325156424206393,0.869767971366747
-0.0627841244999957,-0.419617018261082,-0.435493270897343,-0.137077234096628,0.706101939138229,-0.108104668232242,-0.418414260367521,0.519189942984045,-0.295951437887571,-1.5164763596228,0.00761392934609004,-0.701384886491182,1.64536424318865,0.410288219501641,0.737833203537311
0.891644004518975,0.685169454690777,-0.324887713104274,-1.06852221949897,-0.821644162970416,-2.4157250399105,-2.76016601874354,-2.29215125933789,-1.54525608934685,-1.00079983966839,-0.263420757421391,-1.74842249956704,-1.13175866657445,0.537470797589553,-0.714932949536647
1.18800830910646,0.695890957450298,1.95855974171359,2.6224415763393,-0.750801758488917,0.96078334261761,0.471055228931531,2.72332159458695,1.38606202803854,1.6135137485082,0.375331195843044,0.300234340332707,0.576812344629634,0.740758659524193,-0.173429528541664
-0.310855046164923,-0.927593972393219,-1.21071383904811,-0.0060953200923529,0.00680358844735413,0.973902444308627,0.497720444322875,0.477259924096702,0.0510161608687977,-0.442799222306257,0.21208262496845,0.555706345615714,-0.559897321618743,0.886060571391383,0.167557233565594
-0.586176829236658,-0.912832932359831,-0.376680488855887,0.724458952297284,-1.59748730728267,0.580223566515067,0.116795561137464,0.630018945420747,0.471172649100497,1.22905639974289,0.443357909709301,0.114976191189596,0.267373649809556,1.00474628108076,-0.685081576065988
1.91548151366881,1.79867641568089,3.45590956198699,1.20240912946173,1.54479732120753,0.328655746396761,-0.154564966683417,-0.573198608628911,-0.193148384489697,-1.47501953493606,-0.69437176201613,-1.02764730889045,1.27748719344419,-0.404778867136809,0.104327813868503
-0.246115883573235,-0.466906907935652,-0.719795076416371,0.829141591467874,0.688491927619196,-1.57705030272053,-1.38676779335438,-2.65426615609466,-0.778900471422453,-1.50717379213647,-0.757567134492596,-0.383312478617048,-1.42067913761408,-0.50011876249914,0.876207529623501
-0.382877730088348,-0.0365285714836526,0.190879054016881,0.503090838053124,-0.950089417054086,0.186142441253493,0.145051694780105,1.07592011426301,0.304511615272309,0.733502634503927,0.434308097923285,0.0467275240259935,-0.14081455720336,-0.0934270087874329,0.688520169813909
-1.31782516538811,-1.39139099639402,-0.707794021430295,1.09889760317456,-1.74060420235423,-0.589620697620585,-1.69036378070446,0.110350857655699,0.0562920441410665,1.35771098206573,-0.685047847541319,-1.27696386724288,-0.248189107183461,-1.42811777516904,-2.2056503687109
1.87115223800724,1.18523777840051,1.96644371619159,0.363074806603292,-1.05572464121679,-0.0248280537705865,-0.855574872603638,-0.995538037267649,0.885757627884828,-0.569741736625653,1.00470214146283,0.631335274680684,-0.944855518282115,0.98043459110284,-0.434393006762768
-0.98191146227702,-0.823089312663437,-0.273366459396633,-0.537258094948507,0.625705526482042,-0.667875224527776,-1.25001559107125,-0.256085040832173,-0.0614505732734051,-1.14842053047632,-2.10754290097288,-1.00636677207109,-1.36562459519224,-1.10462795974995,0.110061622444184
0.0865315128174976,-0.638893575027092,0.186397520211006,-0.177645146277597,0.879497154233713,0.557807901825182,2.46330976346402,0.926193160488065,0.679724134883228,-0.0235676977411356,-0.520866178248565,-0.0996183882256257,-0.310011053005149,0.190305202744844,-1.58090129832059
-0.456708232827001,-0.0423996515629697,-0.279286575366365,-0.33329257871851,0.581486057711153,0.253012476273009,-0.451094161546498,0.189107349642109,1.162004560962,0.162125672145771,0.170755815388367,-0.179590266940249,0.626096841479504,-0.0221414674834316,-1.39392026161313
-2.02252043528157,-1.04299969477077,-1.08388983391908,-1.45117915077689,-1.77745698401924,-1.02502080632485,-1.56172083441624,-0.313836957667064,-0.399614135645676,-1.47085957212509,-1.91495062605895,0.208815742922554,-0.780348878423794,-0.621039774534215,0.515580299785365
-1.08886991903561,-0.434570763435511,-0.173373430676256,-0.902413565825306,-1.96920716584273,-1.38241753132971,-0.404593932599198,-0.0520278700170446,-0.865410957438325,-0.483255797835705,-0.759032670381241,-0.993784915160478,-0.258124351552695,-0.424244162885295,1.36556477161668
-0.734391250870758,-2.07296320002323,-0.793058052941333,0.296207787337303,-0.307363229859481,-0.286901390712192,-0.984935642159917,1.4796206621321,-0.540549399604221,0.297808835107773,-0.846887779783353,0.238689110689349,-1.56997340482276,-0.078109028630338,-0.273214425526913
0.483774988664677,1.00097686256773,1.48007994638253,1.23488059282458,-0.377589404573661,1.54804333805833,0.292155193387665,0.667414050045606,0.457399792071493,-0.415847257642988,2.37158350342473,-0.524558503853211,0.125167623033421,1.52979966646237,1.72014928480359
1.53976022082905,2.19669219009926,0.662014030381964,-0.0806100852125742,0.543489736711732,0.731297135117247,-0.0264861458834325,0.207632804632415,1.95200272922842,0.781628661566452,1.25234680341291,0.76153161421413,0.780185853367898,-0.949921121112406,0.658704340365552
-0.875459838640973,-0.720870925152616,0.55778489772279,0.204936412221694,1.56001657212143,-0.771375151891409,-0.291551674249413,-0.325127252372749,-0.122807760014432,-0.278351534073008,-0.612184672565888,-0.156183775694754,-0.271212249434846,0.316964124657122,1.2195303124627
0.102760562670618,0.948708453585802,0.103815769868167,-1.35989155863333,0.312988243396453,-0.812133002354624,-0.0138046761851432,-0.0247838356322376,-1.23864266172425,0.288684218526603,-1.16232344526781,-1.01312447662925,-0.339619336268611,-0.729052274170832,0.242767230677142
0.754874490117347,1.06406921169768,0.765180376439576,0.449721480184705,1.19524476074179,-1.54338267195829,-1.67979491361105,-0.234400388166413,-0.925706742817612,-1.02365914587305,1.49254713551401,0.944156900525207,0.322374588157965,0.00162819421419501,-0.0290360042514646
0.890479762471628,0.164093342552409,0.63505900190278,-1.10355209938789,-0.751252827511417,-0.0162220184022588,0.284060404052615,0.476257620436123,-0.244313189822684,-1.15705047557407,0.140342437300917,0.298448381640048,0.891969202197558,0.667515997927202,0.670423317510111
-0.343449895338656,0.0646504333348104,-0.311901663627778,-0.0730163382533794,0.840552488759767,0.314406351791279,-0.483742801698142,0.439831125778582,-0.53131409926624,-0.523770111658322,-0.694023553706896,1.12745043445604,0.249329313114945,0.857006895557056,-0.0242663680884932
-0.769057763986736,1.41899665862744,-0.0897274438975295,-0.131574264468256,0.146750945963946,-1.2884440713735,0.343256614314826,-0.0673555099206975,-0.201290490967657,0.728217097574899,-0.672779048580589,0.7514488837206,-0.538313878546795,-1.48501051505971,0.760058124800751
1.0605178769174,1.76157962501218,0.746003492172014,-0.512841874633169,0.996827280339652,1.03646728964491,-0.199575709265554,0.553062029638988,-0.0430971142787016,0.136876487195469,1.05819919424541,1.11988401418932,0.890960180203701,0.824152729670782,-0.00404464216435567
-0.127722907644205,0.522444437588173,0.268745349781857,-0.0478207834005065,-0.931611280771381,-1.04957006994901,-0.116162964430791,-0.848197241101116,1.15220080187631,1.06936730999864,-2.23980587999481,-1.51012215469754,-0.687711144167546,-0.714939548140713,-1.50707942774251
-1.91952698003181,-0.670358490821983,-2.12294446834269,-1.33707876226977,0.454306196500445,-0.612894623402475,-1.40403366146348,-0.122902991349114,-1.25230610462814,-0.518908147018201,-1.49411621953358,-0.0280242233559421,-1.56589774677255,0.565641810433992,0.156806804520207
0.880447332896061,-0.0472515255203416,-0.0719812267783578,-0.237823498134868,0.164318267221947,0.930246362591211,0.529980350735414,1.82987820485991,2.68221184702984,0.456553707334149,-0.653423167777378,-0.52993340938912,-1.18236995819308,0.0958111202326648,-1.45864826176968
-0.272842238134264,-0.255839706087927,0.697505448338025,0.0627812073000883,0.200703077001292,0.157738777264317,0.262634515876033,-0.614666070252708,-1.7256354645155,-0.374216329832289,-0.533487303935978,-0.664872766119855,-0.139919502294625,-1.23474753323177,0.705731894513523
1.69769060535205,1.03075738034242,0.878492757778234,-0.402584440001567,0.0291525104486346,0.935848206193128,0.359967471853757,1.04638876158297,2.9531886709405,-0.0841342224158792,0.744374585814829,1.26662572173228,0.290815940378914,0.00792247451410693,0.298358314798436
-0.192341964321403,-0.874405535822901,-0.682065853727119,-0.935776942609156,0.137199476653166,0.554187879591384,0.424562865921066,-0.809974623114456,-0.349647243097691,-0.577694989081929,-1.84699582804641,-1.55958819428761,-0.494396177054222,-1.42747647864614,-3.13124679894275
0.998094856182776,-0.193341055249071,0.204553458167938,1.20001110308958,1.55744786926792,-0.0334368678982585,0.812899040499597,-0.415706128899726,1.21071842913158,-1.36922368615706,0.0205931026797906,0.35439826056432,-0.292325014120774,0.0414635010486242,0.303253215055263
-0.690740174662266,-1.30149034687418,-0.923348292188309,-0.547849621743244,-0.548871039047426,-0.2212019848201,0.131126933799049,-1.0658694971052,0.433188079496829,-0.792922889378604,-1.14058337053254,-0.247520459062542,0.852698663208822,-2.06864844913546,0.353922918694256
-0.106694262261402,-0.544142120554133,0.363698175865757,0.677840836476204,-0.754417134266462,-0.471043009237666,0.536037909381008,0.304561765967925,-0.653458119790313,-0.17206956260682,0.514191796168305,0.0434480444625809,0.778606815220931,-0.341027388885909,0.0734995292065972
0.394320515111851,0.065768383407756,0.901271654087684,-0.0518138140804205,-0.0730905779054782,-0.130156427822684,-0.620483184930563,1.24864445593889,-0.521799744122565,-0.219800140419153,0.37903690009448,0.627995061637374,-1.75031976768824,0.924191887034386,1.33022462073137
0.294876923120661,-1.40730204867722,-1.79920744400122,-0.953754640704071,-0.619935301756247,1.70738548960254,0.652420358369034,3.22419605508876,1.07384005958735,-0.284180785043954,0.17804272827447,1.42107769193553,0.0709300638940942,0.824199415866029,-0.453582900567412
-0.667334569113017,0.423325939956106,0.416855649408845,0.124751830446136,-0.885626267497674,0.808641784162207,-0.232087769650489,-0.194931965008461,0.756656118350352,0.521466358401239,0.677614086434891,0.0187352367642927,0.840853000622562,-0.472400921842541,0.281529916803387
0.676308293749755,0.214099315241504,0.0246917800365354,0.124506218740911,-1.57934230622256,-0.214869857055753,-0.0519281247244955,-1.03171310219828,-0.190738266408128,-0.315728186606012,-1.44760305480777,-1.01324877537443,-0.482284550347883,-0.174271331580102,0.335360985196271
0.504841640798455,-0.568611538536668,0.594510917773687,1.16028556572103,0.698991266502562,0.908569671261737,0.223321939055726,-0.102246210759719,0.451283053486867,0.320261451967144,1.23755934243798,0.702005072453805,0.0300697066935268,-0.388820825898966,0.140023873512056
0.828730915741365,1.87918590270048,1.08042773375278,0.626662905184868,-1.14827980427185,-0.424289701163549,-2.08991855759688,1.57585630128417,-0.558711746181478,0.336608241897691,1.91095706285525,0.993100391176128,2.12424043662701,0.42676663613561,0.888674795054537
1.44885413142654,-0.0267717292932068,0.996344620351864,1.68006854547314,1.14298954579671,1.25940577290092,1.21844111492603,0.00739952475907935,0.201841582403132,0.768699544067001,1.87908752450503,1.71482334676136,0.537616599024157,1.21431220892481,0.844685054017964
1.3629833466162,1.17074981133529,1.63750081038223,-0.702480780206356,-0.353093258377346,-0.398922069095695,-0.442183810163997,-0.404742218694934,-0.452811811867889,1.32780325242581,0.867656166714888,0.617431921420242,1.74662900639718,-0.150988987992078,-0.328736228730172
-0.759875709979036,-1.36292737234524,-0.0383635388722455,-1.69327579796721,-1.17545071280768,-0.154936260551047,-0.433774167315414,-0.368646253900042,-2.03742552279563,0.163792859678102,-1.74218687590199,-0.732373618029378,-2.42243570487767,-1.38213412513822,-0.840934998026333
0.789984300771325,1.20616244314586,-0.984705656143595,-0.283006980357717,0.369578788470903,1.24202049637235,0.50434639207262,0.789682106306828,1.66749439164744,1.29891538655295,-2.27475197835161,-1.39876113527203,-0.634666402046166,-0.421360564817692,-3.13866004533317
-0.526328724848162,-0.490195998166825,-0.543901577308398,0.0112055991915432,-0.502512276422438,-0.362406783413265,0.237202131011274,0.654917885098587,0.390930605745674,2.52272421652172,-0.118735356937466,-0.31826548150819,-0.0638625671549816,1.69158536786522,1.47742917738304
1.01736909871297,0.635464626352657,1.3533148586962,0.370889072996151,-0.493461816968643,-0.420172983234401,0.205741498761501,-0.507137138909785,0.712084171048638,2.04600351936124,-0.137468337607792,-0.461004730334709,0.958666149849419,0.932895293890641,-2.52011808721381
-1.0009098412222,-0.466809004089496,-1.61451327022308,-0.946612844830709,-0.544005042229131,-1.52092818452427,-1.49828771642073,-0.738801019550025,0.325089120896759,-0.517651655755266,-0.647272594370758,-0.00672912438260281,-0.509394999310647,0.39364956590552,0.700975541249759
-0.753310622617128,-0.304749548000043,-0.274391443797595,-0.140836279655517,0.0253322539332385,-0.804649216298361,-0.168974709632576,-0.0443515970955857,-0.115130790730827,-0.378206208345497,0.295786412382658,-0.320134087783218,0.113853903236585,0.553871152379061,1.03875923427584
0.923493001160012,0.986741448711402,0.180626447404577,1.0447512606108,0.224018354180117,0.355839618201514,1.37582927819142,-0.367082772033527,0.743613427491774,-1.40156363368191,-0.598280595921949,-0.279296195767443,-1.03778408237571,0.0836188362235455,0.153322590024072
1.998692807775,1.97239779092541,1.94056673329496,0.502330838413416,1.25180353077629,2.20992191748039,1.97736260632648,1.46552152975868,1.39716177906008,1.1427688510421,1.91828832354514,1.66911607964926,1.76629274945442,1.00762601185586,-0.18609064708647
0.500710633832749,0.105420131951006,-0.271422872639776,0.147873334516357,-1.01876823734405,1.13015051129027,-0.323521078770336,2.11076737346826,0.567658722625577,0.626860715948381,0.641370557507215,0.234438304319264,-0.304547229550158,0.771869226265725,-0.25176262458085
0.0571461826338361,0.100621913183529,-1.10849701393057,1.1097027911812,0.789437178823066,1.91801935791399,-0.478901049720543,-0.245631853102608,1.41057172454488,-0.409458796318712,1.53871921830812,1.45437432917875,0.243366085579471,0.338214437152241,1.13923147219935
1.00134801504325,1.06580277881347,0.5969196712131,0.499669512219582,-0.358735460628608,0.339921269836686,0.71628964470245,-1.0255411516126,0.00861729745828101,0.0685176540873387,0.542742059829524,0.790479683122379,0.0569354555620522,0.869201426764565,0.0395738638680091
-2.38620692961253,-1.5088504046011,-2.23785645193274,-3.61320948453134,0.0380964590882586,-1.54271435514673,-2.35572249103502,-0.771723341724973,0.331075640623801,-0.240533064150452,-2.78686123494618,-1.69833007020676,-0.791145133899111,-1.9866357423143,-0.969189221105678
0.898973229570047,-0.0325935023437318,0.660837844151101,0.627218934929678,-0.382119082247659,1.08971068190592,0.468812531506453,0.395722581761583,1.72596999744549,0.390119253148619,0.764032325621661,0.643651868451913,0.692335069735173,1.14807130366775,1.23307195741186
0.735101276575167,0.28103705514345,-0.347105418763223,-0.352486483832642,-0.405031471946259,-0.568133846733625,-1.04887583330077,0.131085627587737,-1.89450634086132,-0.992410259506,-0.679556348355892,-1.81143251860906,-0.799630767943767,1.25738610499879,-0.330237530438178
-1.06389157708742,-0.528400770676963,0.227389254982506,-0.0708714700804659,1.54470574697537,-0.349701106203911,-0.536953293180644,-0.771560725433668,-0.110149026674627,-0.0887031561392161,-1.2055750091974,-1.64645859846167,-1.38302536495557,-0.631932090782565,-0.185640884233308
-0.0678459943183446,-0.745179262064522,0.375486355983218,0.624243288623061,0.573158406767149,0.55384568270749,0.707423053073229,0.290817786417332,-0.33226522675833,0.329475155752699,-1.17288915821919,-0.601321023497845,-0.0475604129505421,-0.0599184205759349,0.389677037730432
0.968731528025203,1.66650414370001,0.0681576862757705,0.107273467226805,-2.06910010601263,2.11979598555044,1.72266173902278,1.00442547847399,-0.730807884716389,0.325852237885241,1.44279784660867,1.48047982239726,0.636856666795809,1.78131966541493,0.295434675543293
0.0501852274361944,0.713430564603164,0.12737057225695,-0.35981117713757,-0.725300909636901,-0.0963417866075547,0.705262299307631,0.0874449179096259,0.430984887742494,-0.428286144421058,0.788419556863129,0.230152490341168,1.20744202118467,0.918135067503982,0.433645262361108
-2.13879952888731,-1.027502451703,0.283814093572874,-1.60022913982464,-0.193545254851809,-1.15636337670966,-2.36104068839959,0.12267617895392,-1.64599737307043,0.172895086601205,-0.18005751650408,-0.662098074982898,-1.77901394567066,-0.545834483408032,-1.06772112390027
-1.88725306111746,-0.918108267729319,-1.47001766701412,0.0785454030549632,-0.0524096703414884,-2.11649492811432,-0.683782413537536,-1.3919676882046,-0.707046801860768,-0.353816440334873,-1.28356704343034,-0.127591446355005,-0.370167118562575,0.415718150010153,-2.4091115934868
0.786635768367026,-0.445943240580499,-0.126066912312961,0.44962860663575,-0.0724185259964872,0.254351174213628,0.63778345336285,-0.834516550303662,0.19528268947985,0.72851664136473,-0.835954260242328,-1.37363546189262,0.238510097103874,-1.30197445555582,-0.680671965685135
0.150810440663413,1.4946098850764,1.25380243824726,1.19317478859991,-0.579246930965737,2.31654181100348,2.21209779739027,1.18395382133677,1.09717000063844,3.44110321037736,1.04291256513478,2.35522920082053,2.184261306515,1.0778110309189,1.53849541914065
0.645419806365021,-0.21637997740583,0.603844142594663,-1.18423422745672,-1.47891270672506,-0.551527466136425,0.241061276565251,0.11448376982435,0.630968580481592,-0.0196316078621319,-0.196822400715115,-0.283727092833949,0.306491931890308,-0.359263739466454,2.26364323108806
0.803776601330612,0.391554581994701,0.38291808696432,1.35136585440334,0.678429918508862,-1.4930979379688,-0.531300076921474,-0.321293777297487,-2.38525837497943,-1.48988728039807,0.328224255752916,1.00665709528339,0.126484599703151,1.01285133276191,0.00531247497508922
-1.39706887184086,-0.157891823180971,-0.63956365505278,-1.96713255241886,-0.742383496737676,0.528269878646936,0.676369550558896,2.24576867657032,-0.0887977972532545,-1.26407620727278,-0.303885542582376,-0.42943263861373,-0.871454888934451,-0.659851578048179,0.109428367160152
-0.0700585744390778,0.406054199335361,-0.434260441085464,1.16530479314526,-0.925625789787284,-0.835259027882331,-0.693946619578103,-0.391531922614697,-1.55421421341852,-0.415174129415349,0.588126228514,-0.27828744191837,-0.652056693860424,-1.47531373803286,0.624741016573573
-0.481005429589435,1.02460056992226,0.0231754994037792,-0.796191648218196,0.14063229606286,0.163521777074676,-0.0544945409345944,0.991115052562403,0.722866569817488,-1.23375549465123,0.820383704293571,0.93074932786425,-0.821924416986536,-0.471113611544282,-0.0910084274656963
0.890479793767012,0.338788968791261,-0.356214374130252,-1.29018426865379,-0.11601470899374,-1.14603838718158,-0.853494916940124,-1.8074012006245,1.97000796721663,-0.426877840831454,-1.99456245862017,-2.14775618662953,-2.03726328531858,-1.91350550896373,-1.32933646963536
-1.35767614797856,-1.48456858440312,-1.44894197634004,-1.73846313414625,-0.753309376625282,-1.48546920127501,-0.938980595753023,0.334487055907642,-0.460528810435856,-1.37833603636565,-0.473164910358289,-0.202598108167693,-0.501041413693349,-0.294066624250141,0.803821309057833
-0.0879906459145981,-0.891571589813064,0.830920777458275,0.0159511630740736,-0.019754262821879,0.622137778645764,1.04467182918486,0.492334820788218,0.875334441582603,-0.284365175101819,0.417229380061509,0.102897436467722,0.823247042778299,2.2047170897477,-0.708259519967246
-0.383353039550987,-0.769894324835725,-0.518425197784511,-0.408024544205675,-0.33579792350158,0.754971262239696,-0.114518520112732,0.269569337164583,0.322143665423463,1.10675379261323,-0.0329894605216329,1.19427744329782,-0.298921068636047,0.661265344370502,-0.216737452549774
2.63349968599251,0.276459189473359,1.17289831972435,2.52254182294296,1.54469840442773,1.46288131512077,0.513927618129148,0.0317328720725279,1.36371830796325,0.928394870725718,-0.34272412267017,0.26728624940323,0.971646948064872,-0.169321278768396,-0.798525336056838
0.820502076090869,0.55321919324481,1.26427841456841,0.810045978574184,1.52913535551876,-0.986527010025089,-0.645996913502385,-0.529609343488122,-0.954053784356085,-0.947836062016653,-0.910770011533252,-1.43219606066205,0.418549275597315,-0.420706965949715,-0.0687012458563569
0.983865780472758,0.259338426763425,0.726615234474824,-0.0157398275916328,0.121792747473416,2.7544288479297,1.28900544522966,2.81244621562203,1.43033917805065,2.42338740211615,0.521173856528685,0.739930681516134,0.362111621909544,2.05829630701281,1.67239345011322
0.303355663689868,-0.583571347781377,-0.0231682492456814,1.86011848864474,-0.0141371563637134,-0.435185593441833,0.145577469222847,-0.520517730292934,-1.53412672842552,-0.291914705099346,1.16094107832922,-0.224715026426275,0.735008818441559,0.897551201856067,1.75464223698073
1.22316114409405,1.11090854705271,1.37338712693371,1.15775917882328,0.431425000968795,0.0119398753742763,2.04571493912438,1.48344393366728,0.410038381029217,-0.827393554127428,0.996946030381819,1.15921805358667,0.48352002187904,0.522143234523742,2.18009678734217
2.49211058226824,1.22479396423671,1.70833855032827,-0.0132548960515619,0.984773912338703,1.27113104875942,1.2914061580311,0.590515401163773,1.12102601509382,0.604109229297631,0.77860023082098,-1.40078869513624,1.29474167312031,0.339194702497474,0.567873056735548
0.455510509114495,-0.346222093060969,-0.247634969942601,0.189020218850791,1.1499701514329,0.51040910711286,0.793794381510993,-0.393783659702006,0.452570038648924,1.17902022828569,-1.14542754145325,-0.524121788510752,-0.772777119508385,0.441836402139167,-0.122262932526238
-1.802030351586,-1.89333674449116,-1.68493455467222,-1.25511591343467,-0.49621795080504,-1.65085416794384,-1.66416413455702,-2.26385892595812,-1.87098982887017,-1.09305441993213,-2.11154858369436,-0.814498440846482,-0.634462639379628,-1.32602363884427,-1.00634593452966
1.12963042780675,1.4158475087275,-0.189754688670958,0.467640643640052,1.51441016894921,1.0388143319438,-0.332936219414827,0.0230467756364414,0.564319299838825,1.36117332780037,0.86136004066813,0.391853358895323,1.68623281583984,0.282844576212443,-0.213155888102595
-0.115654811244881,-1.05676419237755,0.212284363985408,-0.769608348583411,-0.143028362445966,-0.561726005505847,-1.12168590587471,0.345588824048749,-0.0741951434374623,1.27029736586467,0.152472279945836,-1.14951627682478,0.410701828528747,-0.252659258284883,-0.452555512794794
0.705656150583231,1.44543743849627,0.990630793582501,1.49577347452937,0.614512310254633,0.164360187977295,0.675547685946024,0.127030520125251,-0.111286033262122,1.54960986502301,-0.343455694184388,0.883084924130814,0.462715290450682,-2.24905286026478,0.474211765025177
-0.676951517546088,-1.20123826076056,0.170400878924514,0.792866240080735,-0.494123936985415,0.0622362409450847,-0.185540347934812,-0.330462446191865,-1.73653616179726,-0.620697707102352,0.0714657498653104,0.526538856807194,0.912472169303876,-0.363565976216703,-0.579783429385362
-0.80158188107454,-0.507946310655454,0.536297100177973,-0.798591508828165,-0.406970559775207,0.146814947762528,0.893899699825142,-0.466705703122843,0.860804818078509,1.61109839105172,-0.565470377757025,-0.562837214647518,-0.587477047370032,-0.464186618590712,-0.0658058791375636
-0.345567014377373,-0.152115557348351,0.0565027188789701,-0.204192994148241,0.441875864550209,0.41694262072154,-0.369419785332344,-0.122237542860247,-1.85948884957891,-0.260836659573172,-0.331111915931495,0.254760920438095,0.6895307441932,1.16276647068338,-0.0132773761915238
-1.407137114504,0.854572008671079,-0.647728116376364,-0.503633494349411,-2.09466512457631,-1.6776266730566,-2.34461968856397,-1.71298373638,-0.980152831036168,-0.755279822502736,-0.258229160181499,-0.253213954571205,0.848022764601337,-0.976978101356898,0.891037839165952
-0.0208900379224086,0.0547482320006762,0.158204466297123,0.410759164097959,-0.470800209984212,-0.558469779860839,-0.9402965735014,0.0670806305613601,0.261105593452979,-0.307584411483834,-0.811521788640981,-0.980192984023429,-1.11318527194182,-2.17728610405839,-1.46859013659251
0.0516190847601845,-0.364253485760392,0.851079580766474,0.180686233528318,1.085211850724,1.85660103770962,1.30079645402429,0.746197801046162,0.912789230862576,1.14700437229184,-0.41287259793599,0.0516514433188591,0.724381447239646,-0.885725467663752,-0.615305285882275
1.52133794793343,1.1030471150968,1.41240589391373,-0.166475063947945,1.54070280489253,1.50090661979195,1.95734805088634,0.84116199532946,1.46775543942429,0.411063191133115,3.08615388005548,3.09643311920485,2.96307824201367,1.87662612730642,1.15215101300008
0.115150276976389,-0.108218240501499,0.25622738158963,0.226120903295757,1.70744967172212,0.976309674896917,0.907388955561963,1.2147596216997,-0.4429690071166,1.52553301919755,0.490906187288397,1.25446101417591,-0.763898988526647,1.37304775935444,-1.29877016657236
0.561487050409371,0.703425839205106,0.0582347718922215,-0.636363398429423,0.865012901203102,-0.121988844383861,-0.876687319895968,-0.527622356437235,-0.621397637032686,-0.166317773232488,-0.298724246093545,-0.716429663459851,-1.25488020832611,-1.28222000092376,-0.874880894566132
0.632420477459783,0.936415875033899,1.42105015042781,0.837808604498538,-1.3991865405277,1.56391442118588,0.338227733370543,-0.842976077451591,1.32134507559295,1.04807228476638,0.746478530323171,1.39132010749514,0.523916923913934,-0.00157078487782767,0.0456925508850507
-0.781148694514421,-0.827086539192387,1.22196102217175,0.299119212768525,0.231933740203429,-1.69167067549746,0.597837221667728,0.195883394080254,-0.937640442193749,-2.06499176714642,-0.749703825373026,-2.35637737181249,-0.667950284216986,-1.49349768788385,-0.719380621202494
-0.73662767515111,-2.1056425155183,-0.449031401792517,-0.372726880815528,-1.2208403761758,0.42723847957237,-0.454655253431621,-0.355703602873746,-0.974737735723131,-0.288707753948997,-0.812397507283279,-1.0360583371672,-1.26267053985105,0.676078192200528,0.737026536454184
-1.37187905207079,-1.85571259773058,-0.103126726759921,-0.895780462406011,-1.2022133738824,1.43118701833557,3.2824644052192,1.17022555198569,0.827200881714518,0.229556735707347,-1.53918464489159,0.0105169122413586,-1.8062169651583,0.855492811767639,-1.09227626720638
0.37572402171339,0.02037976998377,0.475110444251671,-0.470922265485064,0.817628207891472,0.453449053761113,-0.430743493243082,0.723236505243439,1.18990308638634,1.5642827837649,0.0407380544784756,0.436255204270327,-1.12431865213372,0.821559683175809,-0.628150689142506
0.908625680918108,0.944875834263474,-0.185256177806261,0.841811720525525,-0.657468150081171,0.0371085527533591,0.562651874525303,-1.25099054170209,-0.410429757730748,0.768713773104621,-0.308144954825159,-0.773714818848773,-0.259968825148051,0.586948492308302,-0.0189086974878648
1.24759745884326,0.302107623624811,0.847696964214015,-0.360464310289542,1.66630812995424,1.37190898716089,0.336553693106979,0.347633425013567,-0.196378656505785,-0.0424372233746223,3.02902020898228,1.83353782705884,1.15547794738748,0.0610807791523282,-0.886011021064681
-0.540921824165349,0.213895119917924,0.475134482944982,0.358119424466037,-0.266003368309248,-0.280318353723516,-1.21769331692231,0.141520504854844,-0.27618749656368,-0.0501855499873164,0.0306775715265481,0.428341918462048,-1.28303962697148,-0.815726396132561,0.973684244582626
-0.570846786161361,-0.632514771771313,-0.666562305034373,-0.845585184290068,-0.319592717056605,0.0147819769130684,0.363164846927499,0.29190535143929,1.0581816491117,1.86380035463208,-1.82682103800603,-1.60995169009149,-1.24678275092387,-0.849626933059871,-1.27295009046015
2.05358570419591,0.607518932623767,0.681917225482662,1.59748052123204,0.535248136491218,0.461700075022826,0.758911371572957,1.03968180762077,1.42918824209501,1.27024178430587,0.563258170433427,0.0259922391183976,0.734061559529005,-0.394230015423004,-1.35408641514672
1.19400605662692,0.603676313222287,0.614195486835552,0.942715677007714,-0.350464697500313,0.68385473236091,1.15921238684651,-0.351155983328545,1.56899268865089,-0.70115760410833,-0.0291650924323324,-1.26527691726025,-1.46021549030782,-1.21546915537185,-0.574132063177344
-0.580327207586115,1.17918803603641,0.542461892220148,0.288341733472402,0.110866639378414,-0.231213147176561,-0.457939588516508,-0.689076357273946,0.269469819470254,-0.627986270719062,0.969468854876534,0.959794632952309,0.245350925052603,-0.418737097543649,0.474944731185815
-1.24332491527572,-0.541531674414241,-0.623411326915908,1.2355887916947,-0.887111634446018,-1.02628296588424,-1.82645314832199,-1.45933454163902,-1.70574104046399,-2.79377113635163,0.00430726950414663,0.541446457105418,1.0844452291416,-0.856827693995211,0.100963911233165
-0.101111536786586,-0.68809336439001,-1.22654521598244,0.0489072369918038,-0.618005627469777,-2.54608656513823,-2.11838510828075,-0.826222029622331,-2.01486778809188,-0.801849591386968,-0.611301073028411,0.152793642048587,-1.72529854974374,-2.31023862753091,0.448248306973191
-0.683442623574936,-0.404049006562734,1.15573532811694,-1.01530281905379,-1.53712970488888,0.433684573837095,0.517306707453416,0.703588894548319,-0.435041542123595,-0.755517406281756,-0.326344132875993,-0.184766580105137,-0.252187521495793,-1.21969743362881,1.15658780600948
0.095598596988425,-0.498789267136522,0.744103723201945,0.171504290653636,-1.35452764984996,-1.27395958964556,-0.563017328542916,-1.07257736740866,-0.487765878723599,-0.484992320712311,-0.748688503647337,-0.616259588303484,-0.395629638235063,0.65363659633147,-1.27091830272907
0.369290542494186,0.567589492408358,0.468122167341092,-0.254065821807114,-0.923339068764009,0.626960724520681,-0.546052293947701,0.224874112360538,-1.32176813893632,-0.356572524946022,1.50207908598312,0.981998638708098,2.84120610713922,1.82700588326695,-0.167402776308984
-1.48218611666352,-1.24356764203872,-0.232696429711146,1.03232281747521,-0.766396686190093,-0.045582614546272,-1.20485232413233,-1.14706388181203,-1.09140339042539,-2.20007497085843,-0.0978518972925128,0.217207367336329,0.268360005792762,0.431048518254553,1.58480123718158
0.515293590896741,-1.07412080581647,0.311309089051646,-0.62568318354975,-0.0177277883036851,-0.0393310582590585,-0.0942913424449173,0.479586938445964,-0.838576432801003,1.01709000787468,-0.396639325520979,-0.128001476885054,-1.07737778171849,-1.04526323967084,0.171692479210608
0.377845482358265,0.095067801054821,-1.05052048970458,-1.62372865213495,1.12042206273494,0.157606948779458,0.468155756752862,0.0817502207756577,-1.18058309995671,-0.389759386738612,-0.182363509814327,-1.51017189604933,0.363145140975457,1.27979249744083,0.829922230148652
-1.39020743261822,0.200791698115131,-0.428007137928029,-0.702012303470782,0.203762497893059,-0.0687052267424929,0.0261547367573387,0.0218270792194214,-0.0319442136589165,1.05743037567659,-2.1753168666751,-1.08816995542244,-0.974252776266631,0.976933888750842,-0.672605409256707
-0.559833697524573,-0.514536136089311,-0.12210176497116,-0.380528340715979,-0.264255149113377,0.329881869600644,0.0795088889618073,0.0390203953930547,0.0109456612558593,-1.4995436119544,0.1147140278308,0.061120668050124,-0.171890058174749,0.841475436671941,-0.588140508118797
0.272988041692443,-0.163067368910231,0.0443757512397691,-1.37351417999178,-1.35401368070761,1.09839022006989,-0.251477140296028,0.383485776699632,0.934950326189385,-0.762837815295998,-0.685976157450068,0.25043794536488,-1.21003524905119,1.7347059297406,0.171683318830744
-0.459247043325724,0.110984867840419,-0.122530693124314,-0.177694893123741,-0.406265069036575,-1.08307154673319,-2.03752976577382,-0.907798189023733,-1.28664283905918,-1.46718291442491,1.33008191016501,-0.470996374838435,-0.188429048737331,-0.340520536916531,2.11956986055895
0.00664626515961965,0.0217134207414248,0.110674955956667,0.668409404988333,-0.0163181293776,0.212886250638565,-0.751797356104371,-0.723487548394268,0.890721258526064,0.908351661472036,-0.730280583994822,0.026039122829493,0.440313184981422,0.0960696513449943,0.748641010271416
0.380389654730211,0.826030203381369,-0.589125331452433,0.78710863244681,-1.00908468538736,0.0542671280315831,0.748941108603062,0.444866897963684,0.368270030636845,-1.69818975984542,0.174973061474195,1.13681619507231,0.85866743445368,-0.156278105814811,0.116044309715819
-1.68882121027927,-1.26579224172749,-1.59265138903687,-1.62614269479662,-2.24606164769402,-1.18442888793626,0.360623572435746,-1.13582615407472,-1.18168448180619,1.76824946552227,-1.32420033419462,-1.09572609523882,-1.2755683211811,-0.374979351443106,0.132072779773629
-0.800029003923913,-0.520063524010924,-0.341222759828613,0.679570521756424,0.207463680698295,0.100534793534812,0.193294657572663,0.327858944237484,-1.96206958024571,-1.03767294142213,0.447559473933338,0.858133580642437,2.03353388119334,-0.0890861067153582,1.0456607743938
1.6073592422115,1.69172129530407,1.28503023303296,0.817918010586446,1.50729949562701,0.407525756234979,0.648547474092667,1.13155443567308,0.499640925752433,0.121500496300566,1.12223956544593,0.824884448348336,1.04832534312511,1.52359730396388,0.258648279295238
-0.675734539575421,0.042915913982886,-0.60138657235966,-0.299672647231164,-0.0079824527520747,-0.647352739419631,-0.310585674762581,-1.25176241306712,-0.926497875048654,-0.246772872632601,-1.39491883459982,-2.26822127784847,-2.32826222788277,-0.164412090438863,-1.28206447422689
-1.45115097120094,-1.07872872158451,-1.24687204604977,-0.716704314014032,-1.66812906439904,0.48076534005994,0.887551198272159,-0.50779787648636,-2.04161185909459,0.512618562703955,-0.535534565066083,-0.798246599214891,-0.506323837825926,0.85512704038828,0.805620012460422
-1.17979296101979,-1.95397144163831,-0.969738502733193,-0.735624760541923,-0.271667265058069,-0.414631739384884,-0.575085537998275,0.163060050939336,-0.661606842229434,0.858445757384544,0.72192797816239,-0.0494348094413039,-0.889589038083346,0.916657326017518,0.24228766221384
-0.770131275094309,1.50188745637228,0.309166941279489,0.72630856476489,0.939829588525811,1.61891529521752,1.06726837864221,0.145085905312378,1.4480380957007,-0.192470343419198,1.82607823916696,1.14173477639373,1.30383885300528,1.66148622108562,0.324098504154926
-0.57053142753177,0.824008622844958,0.141826798237268,-2.03094322812176,-0.650107998149473,0.336656827950512,0.0506549688195472,0.0273920477662798,-0.654931696893441,0.307882216848177,0.663596171328641,1.02051005153529,0.263224389867188,-0.821680082440725,-0.842125589909582
0.270274076006747,1.08526971725018,0.416582419884668,1.39840285607556,-0.0241021206179018,0.180401301596477,-0.73167696877171,-1.10979964374907,0.310502056186644,-1.14168023142706,0.862807404904319,0.108201597802017,-0.130470448911453,-1.24983529687296,-1.85266033627573
-0.651998912258886,0.325595577540161,0.435257168090349,-2.29703530505592,-0.659246296168409,-1.22128594934974,-0.202975593580125,-1.30230664369622,-0.621392532928822,-0.563625808418484,-1.73739919001837,-1.13305301518868,-0.129000227675759,-0.304803587033207,1.57593956893164
-0.726512853167963,-1.2060369435747,0.547112551963636,-0.641909031807901,-0.106331900570636,-0.802069116082389,-0.337196567713946,-0.56107206954196,-0.397779871932287,-0.070324327778648,-1.15236692534664,-1.20597258266416,-1.3867692265588,-0.860745996860303,0.0839325029855422
0.526021580180014,0.755343480446145,-0.805000674541107,-1.84844105320022,1.47330473095308,-0.280088545010891,1.08644118567348,0.156666840712563,0.716345251503992,-0.360486078928847,0.286782625590411,0.78548909155048,0.731892691298859,1.01645197919265,2.01130658545258
-0.324955724805409,-0.361978362785303,-0.895375869563793,-0.24131207587863,-0.695898344058009,-0.629818014993728,0.36414756462572,-0.755439490854528,0.83994859724492,-0.114879306097948,-1.81517314419941,0.385584660084415,-0.569407804147819,-1.45118903723485,-1.51182277422862
-1.11768248337391,-0.951966547616524,0.371845903848933,0.205945528557542,-0.0524538568694135,-1.18815273030446,-0.509243861389594,-0.497846287560149,-0.885113203766115,-0.657718507944284,-1.60958095853437,0.109566148653219,-0.944857421429556,-0.181789626699422,0.327828446128214
0.386567948968972,0.626898542723509,0.37690150697119,0.640397143436592,-0.34654243907873,0.647800135946784,0.951278677423866,-0.124985783968724,0.278111201683982,0.727914699212421,-0.214576997851114,0.215536156558263,-1.60122056780982,-0.840556917379032,-0.0852125626854181
0.194419929688246,-0.210480569115154,0.945060368523671,0.725559155778645,-0.817566133469819,1.58468226321273,1.88798813812813,2.18763283348086,1.61341203124011,1.29313280456272,0.0132272981412306,-0.374312541716108,0.608629411515478,-0.334360036815611,0.275531443558015
-1.06890560805698,-0.279749989558081,-0.111310387613223,-1.55327294009106,-0.405962285584593,-0.304900941412849,0.373971867790755,0.0721245139244736,0.205179563945312,1.02683655519445,-0.838377352761338,-0.512234194917108,-1.68313620094085,-0.326256773971982,-0.94204984064238
0.606726020954106,-0.0673419530389205,0.124975053214322,1.50699218203546,-0.683982786453663,-0.645516740013466,-0.720927076401835,-1.05069339862065,0.606936617300995,-0.582177930412293,-0.590617135945111,-0.177502089782096,0.071285945073617,0.679437901547577,-0.554472830573059
-1.66978077378268,-1.09445489720764,-1.58496141572782,-1.07148649143545,0.081160464527427,-0.977882298081731,-1.05039641526863,-0.976878504159478,-2.11423490512996,-0.393857216058851,-1.18166859272855,-0.971591518208726,-1.45973883744833,-0.443992975403518,-0.455618485068374
1.6136692871255,1.29875503924034,1.31419260295788,2.03074309569724,2.24124889281697,0.137942536861275,1.52168902779563,0.256506268656964,1.32183108519018,-0.193764998339504,0.588666741492859,0.744032102488928,1.1451777941878,-0.466071327291686,1.05092432425692
1.32794428583066,0.14148878003935,0.689996081454463,0.791471420476196,1.02764010520237,0.503882216578038,0.197271416629711,0.636015842294772,-1.11671450963986,1.52412337007809,-0.620401514587659,-0.307375811369279,1.1318614981824,-0.29773210266914,-0.736383616701969
-1.0119010677772,-1.67182841759702,-0.00324155941852771,-0.345868374986631,-0.526226063661243,0.0633581766345149,0.00782540146708634,0.285823735391203,-0.326897374114762,-0.124133657678797,-1.49372120954826,-0.775733111787524,-0.754867410808703,0.101909121429255,-1.42522582246343
0.321078061944066,1.7197450472807,0.30586089464045,0.564555897021598,0.142001358508036,0.868177986367258,1.94531424497237,0.277653032087303,1.62197205582789,0.888913997475549,-0.184342284240669,0.34677071630601,0.85167951258941,0.65699344301279,-1.20249848386444
-1.64628276107335,0.199918343526661,-0.385518280729605,-0.409885327000689,-1.83877883584926,0.179556215088905,0.41828253971693,-0.198079216670372,0.438654165456334,-0.137910099943361,-1.76333710648153,-0.894305333221421,-0.838768857727452,-1.44047208711591,-0.198824272362373
-0.371384751675419,-1.46599235326279,-1.17351590918204,-0.63065155387999,-0.800544782732515,-0.00334054732155376,-1.70684798864554,1.02062255865734,-0.390550428184143,-1.13504604537346,-0.275152180544847,0.0505435451210403,-0.349327020103439,-0.374998253178125,-0.122332241567577
1.88995792211582,1.56335583056256,0.522000601923311,0.871521005287192,0.224899986001013,0.0647627163598359,0.0535155457541653,-1.29230852486739,-0.149544565359867,-0.634476430616588,0.323317098838468,0.321396317695746,1.61265119446629,-0.203048852117587,0.028812462981334
-1.17592258516811,-0.152204192659586,-0.744797823452475,-1.77898173122401,0.0856191123316262,0.739603480038414,1.0991937288737,0.202073771511671,0.3670926799264,-0.21677614141845,0.553227138543784,-0.329268016556124,-0.852912628170758,-0.241898523871009,0.81113018882318
1.63797830400477,0.893929027535814,2.12454114523859,0.900223039557433,0.904238103759698,0.714557955120999,0.618182436207056,0.771733714593019,0.857496784246473,-0.700776764405488,1.17009647764045,0.545485881268505,1.64078392386506,2.46145242990344,0.805442387259004
-1.13698764498629,-1.12447839027766,-0.673176655659882,0.219834927308011,1.31332683946496,-0.279964301299049,-0.471813465099645,0.170380989441945,-0.304634712222266,-1.46367396105255,0.184523302474392,-0.663164726258836,-1.59645797879456,0.390699238921004,0.0306136142089025
-0.729016331086469,-0.378536811028663,1.25447812008872,0.705094516948387,2.03826332179605,-0.518549420673407,-0.480010765525928,-0.744795032313048,-1.02447980058115,0.0156711124947911,-0.501655261071829,-0.151765378280195,0.0371248382943357,0.327101200073949,0.31810978657019
-1.07215449408066,0.052068651259931,-2.08022580376436,-1.72837095779424,-0.699827388760841,-0.0664828572661576,0.732895815676169,0.560928053928115,-1.89156598010826,0.684210601039808,-1.05404973546199,-1.48370292707046,-0.92229660314076,-0.815145134121358,0.346011820385142
0.228805190290023,0.371133549631726,-0.36771333379011,0.794388937319619,0.431296934244785,1.08145312950977,0.484967268428245,1.33190554190429,1.33421636061171,-0.0101800634691655,1.35380275369031,2.99157441307146,1.25702838283691,0.38912034129161,0.0739261938609005
-0.552853556458207,0.577633262338904,0.165124961710403,-0.650920236905897,1.08519765192738,0.435530826127947,-1.30286778752469,-1.0907341657324,-0.21596196063825,-0.692991393382358,-1.00795076595085,-0.550961777611821,0.447405995659292,-0.567541862135782,-1.36106273882597
0.284040571930883,-0.802846572951612,-0.605854975997651,1.27430390001284,-0.875447240424739,0.677857596838191,1.45224692247203,1.64029533755723,2.57895462086606,0.45137700354567,0.0354684249387306,0.760934043153922,1.11377648326448,2.5647840493004,0.864858167431185
-0.334404137757974,0.0201413734575632,1.56311127576628,1.45308923123633,1.40287872049866,-0.619373651382581,-0.354749336744038,-0.899801912104126,-0.686315754761726,0.511579191005893,0.2144415967293,1.07328224024434,-0.390861031778912,0.167158886378793,0.275518337363768
0.311612890945463,0.307954027887439,1.4792974807052,-0.0885451724734231,0.274357684854227,2.13923414423714,1.18280386589941,0.536481614611665,1.95911185665913,1.07477415331166,-0.501091448505354,0.670167838494021,1.48985139351848,0.692966809653671,0.622217821477802
-0.413823730375287,0.0645544457488506,-0.45728948199608,1.69790105462954,-1.28804580581786,-1.28164410141917,-0.290669097242016,-1.54892285644197,1.55385042886358,-1.03144305103627,-0.082977540006797,0.124298563950433,0.22003335784195,0.189545854209305,1.00086553407327
1.0796371699174,1.58317571784197,1.23926682648186,0.152928924350876,1.01848993264998,0.615977703218684,-1.00504707853557,-0.0565219708889959,-0.279990075125955,1.13647588941926,1.10890842128877,0.900590366618926,1.0240873961395,-0.188242951521526,0.713813308215275
0.0480793235029304,-0.00852863776359079,0.652138264318972,1.07846434140997,-0.0363292370420968,0.0076260251507127,-0.31563923062828,0.323394576440918,1.13349850856397,-0.677076083448152,-0.361376543679484,-0.777885692628847,-0.0192901297032783,-0.0739637761410211,-2.07667664315283
-0.245923015415564,-0.0951098129808654,0.113716224172118,0.279019935110073,1.42087596942661,1.12811921400256,0.497235243629921,1.49036543214515,0.0802453806193928,1.19150494130544,-1.32364294396811,-1.10513922947747,0.66108537566002,-0.589926646250214,-1.04935023985321
-0.450427617957607,1.64660900571797,1.7454929995817,0.367655610172047,-0.971570313923576,-0.677967936492341,-0.619275200680213,-0.601442791957856,0.0994481985319805,-0.667382605470134,0.164526466060065,-0.784996381247407,-0.478536365716481,-1.25063447487355,0.742902860701977
0.162864213181058,0.391775614014749,-0.126780370290463,-0.385694390173115,1.47132261152537,1.2345051592297,-0.281851281951512,-0.120956506918049,0.730769310913561,0.207486076529304,0.962003679950211,1.03297527569868,1.59808345553119,-0.881108346547925,-0.416708405599336
0.0188103327210611,1.03724073400157,-0.544441771475375,0.835389801909223,0.411246712996848,0.347470328432315,-0.260736206382243,-0.00442568448062919,0.803721891030987,0.648727353797873,1.16607487498132,1.20216543408821,1.07731701232773,1.62124398219032,-0.0669450536239673
-0.296856832354717,-0.263065770707124,0.196641993307394,1.81688947795062,0.100903502866997,1.30663279496,1.41525738223749,-0.3138504731666,-0.0906246381833233,0.631043507717094,0.226922535382383,0.533051676346429,0.723288064649316,2.17652175403517,-0.785253468124343
0.0222931543662528,-0.34153575497659,-0.944929679408674,-1.27816148212376,0.752876490707488,-0.972789930811707,-0.0890432228687273,-0.737706479380434,0.156749016108384,-1.31932428476137,-0.740879127821469,-2.44969189857741,-0.882231116423529,-0.695443593608777,0.364845772530085
0.281802757054286,-0.185333319347174,0.130123477822536,-0.0992938292005086,-1.01903722814272,-2.25864271452121,-1.49230914590925,-1.81736907680436,-1.8708176535072,-2.77953110816598,-1.33616080646922,-2.47132920840149,0.297431344880117,-2.60049011751386,-0.49667072598127
-0.48319447090954,-0.563202532170675,0.984204470211982,-0.618282606856494,-1.93558751329776,0.432427129237961,0.0116311935269044,0.000288904005076881,0.957526123673939,-0.574494620221375,-0.467424265394612,0.34832344031928,-0.505999906187855,-0.0457878451924703,-0.707789087689404
0.60433214871128,0.680651830032461,0.183142233695826,-0.238868372111775,-0.191999442650428,-0.603111622857575,1.05925695398628,-0.0197211976978874,0.524037204001963,-0.713209669205944,-0.412338247820762,0.0189513779272054,-0.526872438778848,-1.06343541049398,-1.61599445362244
0.589279767926017,0.805317335411155,1.23148955425578,-0.393425543439693,0.956476842768273,0.426038324101973,0.624038045864525,0.462037256983739,0.284172975544052,-0.0651248341725727,0.197792403337663,-0.124850092077236,-1.40173613170126,1.26002643906886,0.192410362783571
-1.02153934113604,-0.435811226637996,-0.80326309227423,-0.615069725553866,0.810049006143545,-1.01922957973569,-1.52418092106981,-1.02967669215658,-2.0017698946241,-0.314388408837553,-0.254740162648571,-1.0174621252865,-0.307540661946406,1.57538595762926,-1.41077211169298
-0.0728573525046854,-0.195260618588187,0.652893802133426,-0.951151206865986,0.850724089662072,1.70212212846449,1.00005905356329,1.20918463001261,1.24414858288299,0.501991036677781,-0.687105766069268,1.17891389067619,0.159433943682191,-0.305172291461332,-1.1349380974629
1.40468367828036,0.308877398168176,0.291345653245505,1.13392936264063,1.26335827286209,0.468265622169544,-0.432975415285525,0.560607593913338,0.855794546089803,0.368973879293814,1.18620458496723,-0.499582450637071,-0.720414314076542,0.12527765194845,-0.263411309707708
0.180663148399199,-0.674249839848768,-0.963333675035823,-0.0498195017124012,1.03884506244624,-2.63889891966038,-1.57129702066826,-1.88262478597386,-0.666168298529544,-1.39690458203071,-1.01307186423814,-2.47690359019659,-1.77720877931431,0.0624748167219543,0.0147745947407876
1.7134626785423,1.04100057296257,0.0470326581248173,2.14909435170277,0.599006776739655,-0.718539251049313,0.124928571246401,-0.543619134087173,0.897344784831937,0.0374925869275606,0.80596037558658,0.202357560936691,1.24698564043075,0.350481609013871,1.36921610605096
0.470046372990537,0.00712662107184246,1.19693552354007,0.968069544688714,1.76120676209725,-0.114765294968012,-0.773383730994648,-0.934050490025324,-0.122180909797257,-0.105821220762416,-0.866514019848248,-0.336489213358524,0.369743617815167,-0.867265309183361,-1.92506398636371
-1.02995129015971,-0.671072594616142,-0.611571380417045,-0.481826097442699,-0.930466987247246,0.132910873717248,0.36799517273028,-0.107748400231584,-0.200072440003861,0.526782102307918,0.281859062982816,0.178083683166722,-0.575565538705051,0.97574857883558,-1.03776808240373
-0.0620138097010747,1.2638468999847,0.82079449174225,-0.0867398854250666,2.13736476731724,0.181703283328857,-0.645602251119599,-1.61291734490056,1.14357844115413,0.14669955173491,-0.361041671828948,-0.402868221812128,-0.0824225136892641,0.716619425946781,-1.31533644339478
1.57481083534458,0.109634280681963,-0.504352745345471,1.53570233112167,0.522984057456106,0.363995856336083,-0.139233991659876,0.703795835909436,0.428016441841229,-0.235085383209455,-0.0543049623705866,-0.637912080969461,1.3001771558494,-0.695929997787972,-1.03327647187278
-0.831430853477624,-2.02082276536431,-1.6825729389088,0.193708056005549,-0.598096005958655,0.135252278292241,-0.739721570349662,0.0887752841908674,0.017769409659009,-0.582187055326344,-0.0855615943237837,-0.951736335094192,-1.54210940284111,-0.64333596801814,0.440716586761367
2.07875001203189,1.26159314083216,0.529919358707097,0.402591990823562,0.067570683209596,0.668694553352246,0.89456880446723,0.263580490514199,0.510372630858308,-0.526558029348294,0.995269371502995,0.539578468469966,0.932851136144817,1.63017981442418,-0.52500084905632
-0.758933332470732,0.581742154886545,-0.213600097966461,0.179227655461058,-0.766537153148809,-1.7051203984904,-0.696441158305083,-1.29088293306333,-0.555821943492301,-0.437856338947348,-0.882267384729202,-0.532690724387147,-1.0062200182369,-0.734110038763446,-0.0322297153468387
-0.309910982577333,-0.458112579788474,0.210064840094328,-0.565338864132666,-1.14057824364738,0.157897037109671,0.636644512695749,0.448292430753498,-0.483378439526863,-1.03356604714015,-0.0917423164634752,0.399851919272083,1.09447018278516,-0.41886810307859,-0.158174205179968
0.168666926854844,-0.0397240699067582,-0.0287485522757229,0.409490678645949,-1.09129185503923,0.764200329118417,1.06336138256157,0.715567278805941,0.467756811605018,-0.409791220456195,-0.688791262642584,0.821002365621256,0.592868972037625,-1.12114449077822,0.0177642269866751
0.840680702394356,0.0153511895528413,-0.14865109019835,0.0546089006094469,0.119683188235419,-0.24603063591359,0.257840548378716,-1.03871613995505,-0.237450548287482,-0.241595443386995,0.593866711802055,-0.0416100087262089,0.75347358443293,0.200836335738538,0.748698476757098
0.915293542681287,0.570173073481768,0.0840119723163082,-0.78865379625847,0.098549485650164,2.25013499325581,1.3883503681711,0.49081774367543,0.83043213565509,1.51796945285309,1.62826411728896,1.01603794653904,0.354701996368872,0.576266005505942,-0.122421549978158
0.739450200558237,0.136664888962351,-0.111840581518753,-1.62786816876444,1.09998069919585,-0.270509751547264,1.55756876817544,-0.167206655654366,0.90832050900117,0.0766660460656883,0.00663395829362382,-0.921474905787566,-1.21215179293331,-2.15368089911981,0.281724967958202
1.24124696490747,0.298418695681981,0.538759279711859,0.902679683029221,-0.984427474474524,0.676898212429393,0.0623549074765208,0.907675545008862,0.543545709676961,-0.0117442549928167,1.23092447926001,0.495466109518853,-0.160746922919186,0.792860577815526,0.0762640915323862
0.11702142638819,0.965203608077927,0.16145824890038,0.405578255166943,0.576207231655456,-0.720743518487717,-0.462408880579529,-0.060529518954341,1.37525976086814,-0.0995260173211623,-0.206387100520994,-1.60757731702516,-0.296079487225379,-0.370403937640959,0.76229696902897
1.87740803723597,1.23358091136276,2.36600572283504,0.092149469351969,0.0218660935093535,0.100295374838192,0.808273946697901,0.817447378748052,-1.03285499610159,-0.453393894264249,0.238865017201663,-0.495407451672147,0.315792981509628,-0.101802019045379,-1.11471322115984
-0.197097047010059,0.00962410379979605,-1.68215681869616,0.251745248569901,-0.214224649197647,-0.0218418819629721,-0.704497795878303,0.714789633097786,-0.527246236338236,-0.480377381145619,0.740925095846368,0.638020062158385,-0.118178641271526,-0.584060786549792,0.51012612161885
-0.904467674824317,-0.652302823472739,-1.76201337825369,-1.17306272987644,0.148925386249852,-0.248417163513093,-0.222898075398263,-0.15160964709122,-1.62215002048358,-1.09324465328766,1.0818370525306,-0.880374099516243,-0.769026578061242,0.468534662937555,0.375609030253756
0.509101613872565,0.527470921542335,0.148668855526488,-0.219613197517365,1.18789771742377,0.0149706449765704,0.997583055342441,-0.304986743653352,0.035258406300177,0.653302690323171,-0.431632996905116,-0.724916223559406,-0.576089858274085,0.506902060061816,-0.385153081654435
-1.53654187682346,-0.632382062649792,-1.6367135364033,-0.580572498532497,-0.549324266305538,-2.54097584521188,-2.24573162719241,-0.903099460798543,-1.4306697581247,-1.55553154778818,-0.550430435177487,-0.787205995637687,-0.65541212931407,-0.102365780791141,-1.3323050803449
0.22071858105099,-0.13843470176222,0.451065536211498,1.08569735944631,-1.37001797998341,-0.592534929037676,0.451594490098122,0.00880885198188075,0.121298054724078,-0.145207828719632,-0.681351810187579,-0.604840025952851,-1.05597467180786,-1.26738145634444,0.199957462257519
-0.795488172153798,-0.701570073744913,0.311489639803526,-1.11339972766358,-0.520662317343337,0.0593827812235443,0.4709617711499,-1.12192782475334,-0.298398560608481,-0.22349291297942,-0.292573961823548,0.0861265243104662,-1.70595100427308,0.0448740400342268,-0.446125748196567
-0.223324744800754,-1.20011538070852,-1.53626876589344,-1.64558334854849,-1.38970482888038,-0.677147307181447,0.306842609512251,0.514127016376717,-2.76960429842227,0.0323591075566675,0.46078809738419,-1.09242295604635,-0.886083367655521,0.578198979324805,-0.986267308331468
1.63080112010507,1.10755607283561,0.215976893718365,1.26061666891538,0.515208883217501,0.824616283031313,1.00373964631525,1.88140161811016,2.69070629306842,-0.0295297429927473,0.360955511458631,0.422757742105027,0.327367361841767,-0.661479508936366,-1.89246457368511
1.08562843850922,1.64384846718569,2.26469954439241,1.28360727605169,-0.781386845608442,1.39650038668116,1.34057817244951,1.11642481853762,0.736611520163634,0.825759130001802,1.75128636431946,2.71284591592815,0.160488807310752,1.17031078038641,2.4958754499427
0.514849471234208,0.603252096887798,-0.966574379101374,0.165169621304982,2.01533381443191,0.0215498104181324,-0.614174716913115,1.3488495615773,0.236378656253437,-0.854811371085054,0.428127212530604,-0.479186462106787,-0.877831101253973,2.1081478721852,0.102637892743159
0.0173178706531592,-0.0964674325870025,0.665897723699501,0.671449311867639,-0.737734912120773,1.40873649320826,1.13515925248746,0.766978182099878,0.76794388568494,1.37014269025059,-0.853488355215034,0.227388917376906,-0.43859567216032,-1.16474671296785,0.222888744936824
-0.202784578401301,-1.18981654851658,0.448571840044236,0.283442663343607,-0.58084493481015,-0.249973999415178,-0.613137341785227,-1.71958617803189,-0.739568921631504,-0.435968936530179,-0.521889575995341,-1.40647618977436,-0.0714503265342691,0.680007593327961,0.120393513191794
1.25889696754017,1.2658856842076,-0.250685279650882,1.01298561477903,0.584951044984249,-0.702859925425163,0.17343828029768,-0.154010896629642,1.11555606348961,-0.755909817045412,0.747496784419324,-0.925594863538227,-0.546113329279887,-0.4592864727126,0.112534668054731
-0.496043204116283,-0.578656803442388,-0.316753975245508,-1.58049188851298,0.586290681221352,-0.139077779141137,-1.6170375306633,-0.665009737757374,-1.48491337682514,-0.429855613442079,0.364939582948899,-0.175272302062202,-0.137511605423279,-1.48407900662512,0.105603050444787
0.0616534376137856,-1.19798021419879,0.750940738998502,-0.538890029655496,-0.691924248123202,-0.0458819632860748,-0.354920622257826,-0.4128756606244,-1.17938104912503,-0.44435332360037,-0.0876616616695904,-0.123052108184085,-0.684600776807736,0.390317667277268,1.324208213157
0.14022876668578,0.870587416625369,0.336052516586546,-0.706395893491931,1.08869605312988,-1.32873309089469,-1.96313040173772,-2.16937935127173,-1.02811045377425,-1.19038161478904,-0.110441676157895,-1.2306755257002,0.00111380214449328,-0.74185447458892,0.977780716761898
-0.672898791989177,-0.305937649317689,0.446965811023918,-1.31410603348421,0.459235259446802,1.55224912810271,0.116754008639733,-0.129576663558252,0.289767498103865,1.24570274366081,-0.733421539195649,-0.62987574792542,1.2233893001434,0.298031262910162,0.10891671643723
0.32526556542201,0.413078443817748,0.446331577181336,0.310957831752273,0.892881295977967,-2.60148715424779,-1.40693286499409,-0.610648651073345,-0.780987287013142,-0.00722821330302864,-1.03012727580759,-1.50050165134625,-0.614569323744227,1.06243807408552,-1.44705681947005
-1.2628562124296,-0.337961875397658,-0.736772233878549,0.0603737366197487,-0.214118780882125,-1.9975103309883,-2.80237130734059,-1.62218382501506,-1.93399547265429,-0.528227632116797,-1.55028930014878,-0.687353155142551,-0.457715408802571,0.212898452786901,-2.29749866507646
1.16396138927179,1.43007739395085,1.04703351749756,-0.8777879358078,1.40828533799769,-0.636022044846794,-0.595590566273943,-1.72087699970615,1.2401365691269,0.612630816437044,0.779092312052643,-0.0756757102931732,-0.00415296882842184,0.130428473130282,-1.34044656901832
-1.44373889592705,-0.523259093657609,-0.768130745607202,-1.17891685037576,1.25260218443223,-0.854938319559714,-0.399671945336482,-0.728635840283223,-0.883772185242897,-1.00109352325022,-2.00519878644361,-2.89042353111198,-2.18752748898271,-1.51877170015132,-2.08753303582579
-0.196956768987698,0.476077629966796,0.966261149629302,0.562737735220212,0.116397120358235,-0.0717676461709563,-0.172023362893404,-0.266938257083076,-1.36533060795171,0.462629077391823,0.228229111789193,1.23334229050875,0.900363249679665,-0.801171144800743,0.50586870335353
-0.588271392870852,0.394469341729211,0.151278615614647,0.737435676550828,0.690542722076264,0.264830065006794,1.05978384082031,-0.102472274743478,0.467994078895376,0.654641584453415,0.925629844951307,2.17846466163801,1.46441449257038,2.22520237747799,2.13381162124333
-0.573221808982826,-2.080755619891,-0.51093756494034,-0.146017524584072,-0.891075097649962,-0.31123982644021,-0.322809247349163,-0.790844883624561,-0.411467060680187,-0.761453447000681,-1.37386413212794,-1.2284741252277,-2.12760569422383,-0.615705259334573,0.968928156758512
1.77078237374712,1.54387888094095,0.0867078121587944,-0.243540516140113,2.37033684980492,1.11129251240223,1.08195774267324,1.83732019058108,1.15788135613722,1.32701162259644,-0.279319055902601,-0.897653917559757,0.264686304970379,0.317441583585145,-0.679291609744807
1.12671833719101,0.017475251518087,1.44026652217861,-0.938450240847503,-0.329980398935711,0.368678461784876,1.13924487926434,0.400973274362452,0.602376920348783,-0.43802308774887,0.876621800499021,0.218296697245933,0.877591297154065,1.40797315534532,-0.257384970945263
0.0779399259796073,0.0934702170447805,0.248273437402518,-0.26916719733889,0.628661446100191,0.622727305424001,-0.307657018251239,0.651426390838858,0.0952259570745214,-0.139988210964237,1.86642821928053,0.205071080164093,0.665100950512287,2.20427090110028,0.109905216322968
-0.946323665633993,-0.615368171097832,-0.403627766261799,0.465590033432961,-0.358461093562552,-0.0490239418065559,-2.34878916759241,-0.307953981251168,-0.328528722854079,-0.297270786345314,0.0903188117162095,0.0855527360289531,0.38272410457601,-0.466062242035059,1.04288418525363
0.664382759704899,1.51240366849368,0.514709396102997,1.61957910487224,-0.48066546402973,-0.699812060583006,-0.966962049396829,-0.117637960090232,0.312099175667406,0.202066262915736,0.768497644605291,-0.946947567649889,-0.641940138288254,-1.06040169228474,1.40920164932746
-0.364929064176053,-0.641228868257784,-0.662543159642288,-1.95476483250188,-1.31592162596479,-0.273651682299958,-0.5285723145538,-0.287192466469227,-0.149702507083089,-1.6639689761724,-1.4380760325319,-1.38928183195353,-1.27476532132042,-0.846122381622021,-0.239465272500299
-1.23233211266612,0.158527231733695,-1.08642369252307,0.362018448564907,-1.16264392478994,1.13789105343458,-0.193919775233085,-0.337767045200252,-0.207422743869567,1.33225277427052,0.119867964774605,0.914346223374888,-0.617226590918405,0.11784615276884,0.973428019818997
0.146636586374902,0.0422097390323969,-0.200960593054685,-0.477261752141591,-1.09350571427668,0.823666270190861,0.192908539883261,-1.43596057875544,0.639602411483759,-0.100645726338484,-0.365893321436385,0.374100177280455,-0.149993889040317,0.202078412771643,0.124035956209636
1.94091564447196,2.42692661934739,0.586956027969529,0.703795091461874,1.34228104659145,0.256068699321016,0.613493970094921,-0.589125998524288,0.700847639472295,0.503739838735913,2.19850642146943,1.51020709951799,2.9810647971942,1.77029140553742,0.183960677328847
-0.0928662639281138,0.0755442955052268,0.191566269327775,1.17960395722186,0.436988558207364,0.53435603690962,0.0337856449681906,0.13316742294906,-0.841284866054098,0.864673571509339,0.0627740083047023,0.0131264081819539,0.478433764162045,-0.666344462260467,-0.00159845372634142
-0.806651417665254,0.172210222953825,-0.684929661385726,-0.507503438255442,0.141241576949916,0.18181638259081,-0.368714900657957,1.03121434256594,0.0891195220546198,0.645088993322013,-1.01254581356089,0.21124846904416,0.012856191469315,1.54233803807031,-1.01465544403649
1.74943741901343,0.837637474641436,-0.0682670160780492,0.00544425356450398,2.11748652870769,1.16955804758719,1.3125123554653,0.782272815347665,1.67944387384049,1.46276059106219,0.595645802237339,0.242929913289577,0.524543796991308,1.20910278494433,-0.794693049110281
1.9968870168097,0.845091397999727,0.878548605449766,0.492667498937442,-0.247556154409223,2.48349961060754,1.22628735330211,1.89595178346353,2.31358248702737,-1.19391091164733,1.34965605098225,0.221325054741183,3.02900190946627,-0.238679774411663,1.40514218904002
-0.423924263173893,0.237399615548179,0.0466137904010917,0.652658134176759,0.239075017879353,-1.21457334197429,-1.19619891367723,0.164678965006131,-0.284351732299746,-1.40108662398263,0.654860170886323,-0.913534534270904,0.851644586164809,0.486672110779524,0.0846021345844549
-0.789416090553652,-0.0289951260832218,0.0277797871856991,-0.0210133373515054,-1.27773133403543,-1.33197020100812,-1.17855804734945,-0.865061177037728,-1.10997429292771,1.1071065698322,-1.50947270155587,-1.24930147687218,-1.9427883543412,-0.49676351208429,0.197878947022509
-1.14177836491137,0.107911799268009,1.1704793479488,-1.1106376473456,1.97512369453799,0.0947962188124578,0.221059739023821,0.588926361821629,0.61908343969336,-0.705008279446801,-0.135191486697718,1.09251374266021,-0.249897113429806,0.0545216442477467,-0.143349109660131
1.47780901868202,0.418315656226135,0.0302951164965573,1.31948766447634,1.09154485643533,-1.45250788059859,0.851299589092427,-0.904266396363052,-1.44677476404472,0.247276919318947,0.883672381851108,-0.341919616508918,-1.27479569843576,-0.589691459742035,-0.269099860575074
-0.163696103644636,-0.99102638355935,-0.307269132848197,-0.27021377852349,0.669358934100426,0.410461974866742,-0.450398321436891,1.39821026348027,0.699864679290283,-1.68375512681468,-0.25740425545966,-0.27871219000673,-0.804837050954149,-0.790370629709574,1.32464181684651
-0.0100766026992235,-0.199092750231618,0.51705673517979,0.91816403640887,0.110013594577252,-1.80782195036586,-2.38134352362042,0.554380060901307,-0.606236050501195,-0.784712441778649,-0.742438395863421,-0.682468601499529,-0.686431471319956,-1.3436591964191,1.46008198708191
0.655860852360405,-0.592230616721243,0.190798127191844,-0.918438201796812,-1.74065875959665,-0.76925540742024,-1.36808117960379,-1.7295553268131,0.667784839140793,-1.37504547971523,0.34834695578326,0.393119557472992,-1.03759346989022,1.21760824915987,0.289545449706166
-2.1411603063436,-0.951242560935195,-0.666032489381242,0.61130851671076,-0.290149378435113,-2.3155734756864,-2.01245671275601,-2.18987854230016,-0.128066979611562,-2.27113954893543,-1.40473759984691,-0.640107471497709,-0.0983309822707394,-1.71060906442418,-0.342066638544358
0.678861487687135,1.04565597105299,0.587822077979223,1.5734635953765,0.743262361879466,-0.0097453207097874,0.711173851744264,1.45348974590963,0.10712217609798,0.22427085823373,1.05668968848349,0.978669657166245,1.37644926489914,1.07242828472796,1.93073971479106
-0.219558759786942,-0.759512923621018,0.179547193329403,-0.0659858778045546,2.20226501807313,-0.801220143441637,0.66950499473065,-0.32732730544056,0.997561153696049,0.257400844977027,-0.759213944821712,-0.755727216709184,0.841428319058624,-1.69505786012035,-1.87113155814203
-1.66673673983716,-2.07887592115959,-1.30722991634084,-1.18104231582558,0.284163096583923,-2.35950740125186,-2.23175003961306,-3.53510152342871,-0.346527587951038,-0.659451597297409,-3.17729768531814,-2.52964650841349,-2.49140580075647,-2.60266363927085,0.0295491724605748
-0.299344578150158,0.125733061237708,-0.325551590753722,-0.707035647260096,-0.0736486284499143,-0.387344325297498,-0.724091293209571,-0.712034432996935,-0.0286774062379585,1.41421853038007,0.158979244757518,-0.246542326765192,-0.00604808383127079,0.390595187725123,1.25565562170733
0.108647189474642,1.0545490973878,0.879809117675849,0.20610657192395,0.144461485440018,0.895918327304101,0.624727779234144,1.13951267690891,0.697765494860468,0.635159211939069,1.05663063653131,0.191070550173091,-0.299285599907058,0.125585451773875,0.693626693861849
-0.712807341084912,-0.277237536621519,-2.29585936916855,-0.847441311928275,0.499762154304564,-0.165928518466786,-0.799968689858846,-0.810971065850061,-0.833522072959461,-1.53166049050247,-0.993781564714645,-0.641206934138068,-1.3368636074962,0.52376577231201,-0.383645053871068
-1.23119270958446,-1.0017444898273,-0.0625887762260299,0.434507245367223,0.0645990735810281,-0.614227360862606,-0.719643532504121,-0.90472724573904,0.201580053214866,-1.19878756657172,-1.13748591130367,-0.28346102328289,-0.0826990727456612,-1.13629708422398,0.586445080352046
1.42303086946644,-0.841876215175856,0.16613754362594,1.82254475012182,1.33846428584941,-0.872605195577149,-1.83675331213137,-0.65803794729946,-1.01083631276471,-2.01425574717552,-0.322273477440543,-0.142479339331523,-0.0454743855530862,-0.604779240314979,0.216169626508924
-1.36891588214411,-0.800664634696069,-1.41775998692068,-0.765114157868881,0.0282484283046685,0.844137162139071,0.341390706484666,-0.729390861931052,-0.661111785889305,1.23527884794603,-0.668812910848345,0.68632330420559,-1.30050821659939,0.667246525704133,0.15269849164219
-1.22391068122195,-1.50071464829976,-0.674285996739368,-0.209674937960316,0.395443742004382,0.259144349909655,-0.622791455718363,-1.1153698775737,-0.751346652378697,-0.0530273733427814,0.544533386720611,0.477088339948776,0.281812198210859,-0.396813401562996,-0.433248141605496
-0.307027738377014,-0.423252697282739,0.945811925219351,-0.820683395864451,0.972394361286421,-1.65629224360374,-0.633998959849934,-1.08387950276954,0.082729084733116,-0.0101968831580962,0.449618459583098,-0.34113457172296,0.79361477153367,1.34461762345243,1.33465026142933
-0.467867561399007,-0.838846659101879,-0.350134732244887,-0.340490921602797,-0.129996135935703,0.634683341540066,-0.180606127971528,-0.0141449131545722,0.669299333190671,0.711105974717784,-0.979757312428554,0.536440955238203,-1.14683001061387,1.13771339735919,0.633468720329331
1.00373222037435,0.849377365080913,0.163060442305046,1.36254675623834,-0.854192110257743,0.33786870946056,-1.19805286119581,0.137999444963365,1.32139876838413,-0.842229561752712,-0.212420351161217,-0.37350265845846,0.787412895656648,-0.712019044770254,0.863673040150106
-0.704843777392526,0.518935521490509,-1.37926412046303,0.375731515810755,-1.73519005820262,0.199391560750452,-0.163204840835085,-0.174596154587047,-1.55921355466152,-0.389282420176484,1.38039190252397,0.501853032237545,0.449725074852596,-0.0381013486916383,-0.246555892558408
2.05594303461441,1.15505698700411,1.28520388607683,-0.192783438249605,0.286028114374279,1.00531908241127,0.316533178851145,0.463027429436762,1.18836944027542,0.0970977919954926,0.409253177659319,-0.333642973658122,-1.12796258273678,-0.325252243137652,0.481633404430561
0.647566705131471,0.169141824433992,-0.602031201010396,-0.204607521282147,0.0634537918864594,1.06165677874485,1.5351423509606,1.42773120532931,-0.172283069842092,-0.256385469147445,0.316906365768686,-0.112218959702839,-0.205178490284083,1.47136911759358,0.234140479674617
0.1511076677552,0.88990809192812,1.64231907487559,0.632893183730181,1.57044963874157,0.864900136403042,-0.959307026159704,0.20742796370748,-0.81097294083936,0.985427473269184,0.22359036197654,0.663828124732224,1.98624452362006,-0.997848696843825,0.823440441985941
-0.840946785105486,-0.4584954958325,-0.452246227969789,0.492820980941258,-1.39224844245761,0.698079071770974,0.0233860909209508,0.272938636757704,0.743742123555696,0.476248112465417,-1.0992413702338,-0.397577529950957,-0.259570237874929,0.277932600090115,-3.00026382768403
0.271313577031072,0.44897374197892,1.33974638228445,-0.381861014683579,-0.507408558323639,0.18020499639493,0.0270228730074723,-0.621542347446215,0.377210202130258,-0.439831596863299,0.288290828072796,-0.336401704560089,0.00686756684553472,0.764017541122647,-0.911426444398058
0.102891242378924,-0.14607919724526,-0.186357889767494,0.73459201893493,0.850531145585958,0.188158017526663,-0.533880325962615,-0.543104424988994,-1.71717702557915,-0.608252784199436,0.742545502917773,-0.0324895014029742,0.32171984376132,-1.48624160141088,0.288394109351837
0.49441124232647,1.47419349575802,1.61484251779682,3.01046320820521,0.863103797619799,0.58458287790072,0.976883953070576,1.05945476655208,1.27730039698555,-0.782114102587595,0.916533746386096,1.59827075582293,1.52001815730546,1.27381854882228,0.0883356382639993
-0.356117950128285,0.169433606398984,-1.94676262194151,0.370715118961493,0.319818686141347,0.0332701034571486,0.0521664290695946,-0.513404368728244,-0.407780635251508,-1.15719270865201,-0.531764675947631,-0.42776576965892,0.375938451190206,0.6559879743171,2.33640200264663
-0.21415472050077,0.184391419781489,-0.366454631754269,0.0153845066439835,-1.50539071485398,0.556416050692043,-1.72910963387516,-0.665491845812694,-0.217575774781202,1.46026086430095,0.734124791836312,1.41851080932552,0.612792700848134,1.20720149151412,0.542194171963533
0.384243925285571,-0.0534222917440307,0.947331682809164,2.03909537129035,0.891262797628246,-1.30786588738965,-0.191653383199754,-2.70105192495235,-1.12682103220739,-0.847871935370903,-1.03273631301024,-1.72758940073822,-0.238111301355998,-0.399453817837899,0.357984132883666
-0.584325537500276,-0.675039836390617,-0.712634181977736,-1.08658953270161,-0.386295655488328,-0.845137843510725,-1.70979216770479,-1.15333645933989,-1.24214002562473,-1.68081550646359,-1.23740093271412,-0.863270057532182,-1.94981278609672,-0.0244894941074788,0.369684069367952
0.17723974799784,1.19640051605368,0.715237879242977,1.47355674244041,-0.355245451304405,-0.327593901269385,0.532813118791678,-0.456606227228924,-0.376891314245199,-0.300355897726073,2.09921797775053,2.0297641545664,1.09185353163884,1.11352149233409,-0.270083979347184
-1.72841978260313,-0.393469738175197,-2.11882906251945,-0.374373350961812,-1.88731924197599,-0.774507779984009,-0.999100602929009,-0.443384843271336,-1.17048449452974,-0.845824375406661,0.20822382676319,-0.692342404814974,-0.253463085551318,-0.613520678711309,-0.372724960705688
-0.323694247304399,0.368739067464482,0.0732869358889864,-0.185492243810568,-1.32774309265015,0.40967062112453,0.0519012051880091,0.319681873750635,0.430769974294461,2.92977257149898,-0.445199992053051,0.766777574192502,0.313774500881185,0.771199023271304,-0.295571014366977
-0.759577895008442,0.115531296797795,-0.525411190428332,-0.319495755844433,0.472151330107899,-1.50876647057933,-1.27978179162215,0.335338846984273,-1.2771803981586,-1.72474725918615,-0.274980739176418,-0.506074363571599,-0.214697958139556,-1.63999773714535,-1.7258556279713
-0.346393061934999,-0.464600417436843,-0.462365940889652,0.993481017631312,2.18325577679122,-0.584786391163938,-0.909055245652818,0.036892330225663,0.693305365764188,-1.04483192565296,0.242114173431583,0.650931461287431,1.04040034166957,0.299527598247257,-0.728568394594713
-1.07966035688525,-0.608491652895462,0.0147267467872033,-0.242837926616761,0.752634125608574,-0.703218776464001,-0.750381310717796,-0.653593686410191,-0.00358418282795147,1.39983257135034,0.18665788844499,0.0757855676518157,-0.641174565281985,-0.847336683706925,-0.419483774899746
1.44926100066185,-0.142751114112916,-0.408100507614412,0.551817239224768,0.581057468566171,-0.0721770290983643,-0.965565424633113,-0.27072895431013,0.445576780645058,-0.614940638982348,1.09843731322148,1.42003557832139,2.03708055726855,0.826940673348376,0.627602115301696
0.108299741840378,-0.234746830644601,-0.0937771385982021,-0.513033981233554,-1.26854795930939,-0.315650519205682,0.337971587556131,0.0415258754588382,0.706112412409874,-0.386021572880212,0.296106557104438,1.55951087746081,0.970109724916218,1.81865518142239,0.882778538615516
0.716953647253378,1.08630721171454,1.62647781937118,2.06944338276634,-0.0204709647427572,0.782299046701925,0.672818613810924,0.328295856361545,1.20188708753649,2.34095395419208,1.53374913146364,1.51366467015252,0.100396664508882,0.816434592219439,-0.614558058923538
-0.227751707408999,1.30705127620231,-0.6423745373541,-1.22757813250235,-0.723073058615398,1.33865098409873,-0.898025106411426,0.15159559317118,1.75144400340388,0.00671279862298141,0.835668229660733,-0.104719895163728,0.396335416124734,1.43225753150985,-1.03074580017168
-0.332550798281219,0.0725447283690043,-0.463469862763815,0.0978319992052386,-0.783938618739289,-0.768348055433012,1.15368679313594,-0.233731377756929,-1.57424248475773,-0.408133691242987,-1.01935809106641,-0.706798687121375,0.396213379499636,1.67994656301273,-1.66663882765756
1.03642635830975,1.57593118172221,-0.986526486120941,2.32240517178383,0.805166732357355,0.728022512970694,1.17320210568413,-0.464025614352403,0.285748671282399,-0.373884846045347,-0.0616252672078708,-0.0526111941244715,-0.0414515563239482,1.20030360447993,0.364869171365108
-1.78787322592028,0.623712738391214,-0.290445493455547,-1.0138757683389,-0.281236506980879,-1.18066872320444,-1.39784897173517,-0.877436856800376,-0.976729982501712,0.650176077630584,-1.11666481339949,-0.209110521953578,-0.674919202346586,0.151918858589975,-1.00045452880847
-1.49470944293476,-0.652731136025653,-0.906064461645881,-1.43311555456286,1.27480980124501,-1.0689904679756,-0.613524264816925,-1.79528599369278,-1.51849318243888,0.908869387856983,-3.35856255351754,-3.13121947254434,-1.49441818257449,-1.73308043068257,-1.13365730495615
0.195390407663584,0.91619597965745,1.63330042672394,-0.927277002340231,0.217194608214153,-0.415730258934315,-0.0822670727570505,-0.433921091073012,0.232449439766415,0.812309333291981,0.700139543451696,0.396332896215103,0.696865915123734,1.57828021604048,1.04149643166648
0.16967769857691,1.27526196936343,1.43800999890573,-1.11648472699357,-1.45259950775113,-0.873653908758182,-0.277721983327906,-0.0665945445345925,-1.10851345898405,-0.820571014951407,-0.276746891926517,0.627401589962348,-0.260830874848698,-1.11675671728001,1.37283476289671
-0.500957724214336,-0.242029298345438,0.325292606660965,-0.538501502931007,-0.285820558211094,-0.795804263985783,0.00649154277082056,-0.488255388614048,-0.559360665330921,0.374220940974589,-0.776611833688909,-0.511938916821656,-1.4397985330074,0.554726384361418,0.500284639589864
0.886565279856773,0.723148349633366,0.265205117148893,0.631629326066973,0.153233795917269,0.96521311026081,1.22229753088815,1.58398506308047,1.5671737938921,0.770324648825256,-0.140352590069128,-0.428836117679899,0.908485626981059,0.354789155022243,1.29989149482449
-0.573632739020075,0.723187708366347,-0.133610447155244,1.82164277532006,0.363350849700649,0.859172373075328,0.783379154933484,0.273353365256279,-1.15211594208206,-1.19692849184088,2.07980660799082,1.4699073111914,0.477987245287078,0.949564090391952,0.789739002015953
-0.641984363000856,-1.83785330716103,-2.64420861781217,-1.73788763086075,-0.922842051151248,-0.168002000813222,0.712110838870983,-0.228754928161851,-0.971579273077601,-0.0948821670465406,-1.67269171748213,0.90445448085563,-0.143406175107295,0.74912423282362,-0.226476984124914
2.56023231483175,2.19016648908457,1.04867811636119,1.06310941822971,-0.14961801489272,1.31096690437124,1.89149594428005,1.15311012095106,0.0896753818883518,0.444472564753358,1.20708975511932,0.891493847483704,1.10445208129981,0.898090817852942,-0.247695983630543
